STATIONS_ID;MESS_DATUM;QN_3;  FX;  FM;QN_4; RSK;RSKF; SDK;SHK_TAG;  NM; VPM;  PM; TMK; UPM; TXK; TNK; TGK;eor
        400;20240125;-999;-999;-999;   10;   0.0;   0;-999;   0;  -999;   7.3;    -999;    7.1;   73.00;    8.5;    2.9;   -1.2;eor
        400;20240126;-999;-999;-999;   10;   4.2;   4;-999;   0;  -999;   7.5;    -999;    4.7;   87.00;    9.3;   -0.2;   -2.9;eor
        400;20240127;-999;-999;-999;   10;   0.0;   0;-999;   0;  -999;   6.8;    -999;    4.9;   79.00;    6.7;    1.9;   -2.1;eor
        400;20240128;-999;-999;-999;   10;   0.0;   0;-999;   0;  -999;   5.9;    -999;    2.0;   84.00;    7.4;   -2.1;   -4.6;eor
        400;20240129;-999;-999;-999;   10;   0.0;   0;-999;   0;  -999;   5.3;    -999;    3.1;   71.00;    9.5;   -0.6;   -3.5;eor
        400;20240130;-999;-999;-999;   10;   0.0;   0;-999;   0;  -999;   6.3;    -999;    4.3;   75.00;    8.7;   -0.5;   -3.3;eor
        400;20240131;-999;-999;-999;   10;   1.1;   4;-999;   0;  -999;   6.9;    -999;    5.8;   74.00;    8.8;    4.2;    3.8;eor
        400;20240201;-999;-999;-999;   10;   0.3;   4;-999;   0;  -999;   7.1;    -999;    6.0;   76.00;    7.9;    4.3;    2.9;eor
        400;20240202;-999;-999;-999;   10;   0.2;   4;-999;   0;  -999;   7.6;    -999;    6.0;   81.00;    8.1;    4.0;    2.3;eor
        400;20240203;-999;-999;-999;   10;   2.8;   4;-999;   0;  -999;  10.3;    -999;    9.3;   88.00;   10.7;    7.1;    5.0;eor
        400;20240204;-999;-999;-999;   10;  11.4;   4;-999;   0;  -999;   7.9;    -999;    7.2;   78.00;    8.2;    5.8;    4.1;eor
        400;20240205;-999;-999;-999;   10;   5.0;   4;-999;   0;  -999;  10.1;    -999;    9.2;   87.00;   10.0;    6.7;    6.3;eor
        400;20240206;-999;-999;-999;   10;   9.1;   4;-999;   0;  -999;   9.3;    -999;    9.9;   76.00;   11.6;    8.3;    7.6;eor
        400;20240207;-999;-999;-999;   10;   0.0;   4;-999;   0;  -999;   6.4;    -999;    4.0;   78.00;    9.3;   -1.3;   -4.4;eor
        400;20240208;-999;-999;-999;   10;   3.0;   4;-999;   0;  -999;   5.9;    -999;    0.7;   92.00;    4.2;   -1.9;   -4.6;eor
        400;20240209;-999;-999;-999;   10;   6.1;   4;-999;   0;  -999;   7.3;    -999;    2.9;   96.00;    6.5;    0.7;    0.2;eor
        400;20240210;-999;-999;-999;   10;   4.8;   4;-999;   0;  -999;  11.0;    -999;    9.2;   94.00;   12.9;    6.1;    5.1;eor
        400;20240211;-999;-999;-999;   10;   8.2;   4;-999;   0;  -999;  10.1;    -999;    7.7;   96.00;    9.3;    6.0;    5.7;eor
        400;20240212;-999;-999;-999;   10;   0.7;   4;-999;   0;  -999;   8.7;    -999;    6.5;   90.00;    8.5;    4.0;    2.0;eor
        400;20240213;-999;-999;-999;   10;   0.0;   0;-999;   0;  -999;   7.2;    -999;    5.5;   80.00;    9.2;    1.1;   -2.3;eor
        400;20240214;-999;-999;-999;   10;   3.6;   4;-999;   0;  -999;   8.6;    -999;    5.8;   91.00;    9.7;    0.9;   -2.5;eor
        400;20240215;-999;-999;-999;   10;   0.2;   4;-999;   0;  -999;  12.1;    -999;   10.9;   93.00;   13.2;    8.9;    5.7;eor
        400;20240216;-999;-999;-999;   10;   2.8;   4;-999;   0;  -999;  11.3;    -999;   11.7;   83.00;   16.1;    7.8;    5.0;eor
        400;20240217;-999;-999;-999;   10;   0.0;   0;-999;   0;  -999;   8.9;    -999;    8.6;   78.00;   11.6;    5.9;    5.2;eor
        400;20240218;-999;-999;-999;   10;   4.7;   4;-999;   0;  -999;   7.7;    -999;    6.8;   78.00;    9.8;    1.4;   -1.2;eor
        400;20240219;-999;-999;-999;   10;   3.2;   4;-999;   0;  -999;   9.7;    -999;    7.7;   92.00;    8.9;    6.0;    5.5;eor
        400;20240220;-999;-999;-999;   10;   2.6;   4;-999;   0;  -999;   9.0;    -999;    7.9;   84.00;    8.8;    6.7;    6.1;eor
        400;20240221;-999;-999;-999;   10;   0.0;   0;-999;   0;  -999;   8.9;    -999;    8.5;   80.00;   11.4;    6.9;    4.0;eor
        400;20240222;-999;-999;-999;   10;   4.9;   4;-999;   0;  -999;  10.1;    -999;    9.5;   84.00;   11.2;    7.9;    6.1;eor
        400;20240223;-999;-999;-999;   10;   0.0;   0;-999;   0;  -999;   7.0;    -999;    8.0;   65.00;   11.5;    2.8;   -0.5;eor
        400;20240224;-999;-999;-999;   10;   0.0;   0;-999;   0;  -999;   6.4;    -999;    5.7;   72.00;   10.9;   -0.3;   -3.3;eor
        400;20240225;-999;-999;-999;   10;   0.1;   4;-999;   0;  -999;   6.5;    -999;    5.5;   75.00;   12.6;    0.9;   -2.9;eor
        400;20240226;-999;-999;-999;   10;   0.0;   0;-999;   0;  -999;   7.0;    -999;    5.3;   79.00;   11.9;   -1.3;   -3.8;eor
        400;20240227;-999;-999;-999;   10;   0.0;   0;-999;   0;  -999;   7.4;    -999;    4.4;   88.00;    7.0;    2.5;    0.8;eor
        400;20240228;-999;-999;-999;   10;   0.0;   0;-999;   0;  -999;   6.5;    -999;    2.4;   89.00;    4.6;   -0.4;   -3.5;eor
        400;20240229;-999;-999;-999;   10;   0.0;   0;-999;   0;  -999;   6.7;    -999;    4.4;   80.00;   10.0;   -1.6;   -4.2;eor
        400;20240301;-999;-999;-999;   10;   0.2;   4;-999;   0;  -999;   9.4;    -999;    7.7;   90.00;   10.4;    5.2;    2.8;eor
        400;20240302;-999;-999;-999;   10;   0.0;   4;-999;   0;  -999;  10.1;    -999;    9.4;   86.00;   13.7;    5.9;    4.8;eor
        400;20240303;-999;-999;-999;   10;   0.0;   0;-999;   0;  -999;  10.3;    -999;   10.7;   81.00;   14.2;    7.1;    3.9;eor
        400;20240304;-999;-999;-999;   10;   0.0;   0;-999;   0;  -999;   9.3;    -999;    9.0;   82.00;   12.8;    5.9;    2.9;eor
        400;20240305;-999;-999;-999;   10;   0.0;   0;-999;   0;  -999;   6.2;    -999;    4.5;   74.00;    8.3;    1.2;   -1.7;eor
        400;20240306;-999;-999;-999;   10;   0.0;   0;-999;   0;  -999;   6.7;    -999;    4.3;   81.00;    8.5;   -1.5;   -4.1;eor
        400;20240307;-999;-999;-999;   10;   0.0;   0;-999;   0;  -999;   5.8;    -999;    4.4;   71.00;    8.3;   -0.9;   -5.1;eor
        400;20240308;-999;-999;-999;   10;   0.0;   0;-999;   0;  -999;   5.0;    -999;    3.3;   66.00;    8.8;   -2.6;   -6.0;eor
        400;20240309;-999;-999;-999;   10;   0.0;   0;-999;   0;  -999;   6.4;    -999;    5.8;   70.00;   10.4;    0.4;   -1.8;eor
        400;20240310;-999;-999;-999;   10;   0.0;   0;-999;   0;  -999;   7.8;    -999;    8.5;   70.00;   12.7;    3.7;    1.3;eor
        400;20240311;-999;-999;-999;   10;   0.0;   0;-999;   0;  -999;   9.0;    -999;    9.5;   76.00;   14.0;    2.9;   -0.8;eor
        400;20240312;-999;-999;-999;   10;   0.0;   0;-999;   0;  -999;   8.3;    -999;    8.7;   75.00;   14.3;    1.8;   -1.4;eor
        400;20240313;-999;-999;-999;   10;   0.6;   4;-999;   0;  -999;   8.4;    -999;    9.7;   71.00;   14.6;    4.1;    0.0;eor
        400;20240314;-999;-999;-999;   10;   0.0;   0;-999;   0;  -999;  10.6;    -999;   10.8;   83.00;   15.9;    7.2;    2.5;eor
        400;20240315;-999;-999;-999;   10;   0.4;   4;-999;   0;  -999;  10.8;    -999;   12.2;   78.00;   18.6;    6.8;    3.0;eor
        400;20240316;-999;-999;-999;   10;   1.7;   4;-999;   0;  -999;   9.1;    -999;    9.5;   75.00;   13.8;    3.8;    0.5;eor
        400;20240317;-999;-999;-999;   10;   0.0;   0;-999;   0;  -999;   5.8;    -999;    4.5;   70.00;    9.3;   -0.8;   -3.9;eor
        400;20240318;-999;-999;-999;   10;   0.0;   0;-999;   0;  -999;   4.7;    -999;    2.0;   69.00;    7.5;   -2.8;   -6.2;eor
        400;20240319;-999;-999;-999;   10;   0.0;   0;-999;   0;  -999;   5.0;    -999;    3.8;   64.00;   10.2;   -3.5;   -7.1;eor
        400;20240320;-999;-999;-999;   10;   0.9;   4;-999;   0;  -999;   7.2;    -999;   10.2;   59.00;   17.4;    2.8;   -1.3;eor
        400;20240321;-999;-999;-999;   10;   5.6;   4;-999;   0;  -999;  10.5;    -999;   10.3;   84.00;   14.8;    6.7;    5.3;eor
        400;20240322;-999;-999;-999;   10;  10.5;   4;-999;   0;  -999;  10.1;    -999;    9.5;   85.00;   12.7;    6.9;    6.3;eor
        400;20240323;-999;-999;-999;   10;  12.6;   4;-999;   0;  -999;   8.1;    -999;    5.6;   89.00;    8.1;    3.2;    1.1;eor
        400;20240324;-999;-999;-999;   10;   4.7;   4;-999;   0;  -999;   7.3;    -999;    5.0;   84.00;    8.2;    1.9;   -0.6;eor
        400;20240325;-999;-999;-999;   10;   2.5;   4;-999;   0;  -999;   7.7;    -999;    5.5;   86.00;    9.9;    1.0;   -2.2;eor
        400;20240326;-999;-999;-999;   10;   0.0;   0;-999;   0;  -999;   6.9;    -999;    7.5;   69.00;   13.7;    0.6;   -2.7;eor
        400;20240327;-999;-999;-999;   10;   0.0;   0;-999;   0;  -999;   8.2;    -999;   11.8;   59.00;   18.4;    5.8;    1.5;eor
        400;20240328;-999;-999;-999;   10;   0.3;   4;-999;   0;  -999;   8.6;    -999;   10.3;   69.00;   14.5;    7.9;    5.1;eor
        400;20240329;-999;-999;-999;   10;   0.1;   4;-999;   0;  -999;   8.8;    -999;   10.8;   68.00;   16.0;    5.1;    1.2;eor
        400;20240330;-999;-999;-999;   10;   0.0;   0;-999;   0;  -999;  10.8;    -999;   14.7;   68.00;   22.8;    6.7;    3.7;eor
        400;20240331;-999;-999;-999;   10;   0.0;   0;-999;   0;  -999;  11.4;    -999;   13.8;   74.00;   20.4;    9.1;    6.3;eor
        400;20240401;-999;-999;-999;   10;   0.0;   0;-999;   0;  -999;  11.1;    -999;   13.3;   75.00;   20.4;    7.5;    4.6;eor
        400;20240402;-999;-999;-999;   10;   1.6;   4;-999;   0;  -999;   9.1;    -999;   11.3;   68.00;   14.8;    9.1;    7.1;eor
        400;20240403;-999;-999;-999;   10;   3.8;   4;-999;   0;  -999;  10.7;    -999;    9.9;   87.00;   11.6;    7.6;    7.3;eor
        400;20240404;-999;-999;-999;   10;   7.4;   4;-999;   0;  -999;  11.3;    -999;   11.6;   83.00;   15.0;    8.7;    6.1;eor
        400;20240405;-999;-999;-999;   10;   0.5;   4;-999;   0;  -999;  -999;    -999;   14.4;-999;   18.5;   10.5;    8.5;eor
        400;20240406;-999;-999;-999;   10;   0.0;   0;-999;   0;  -999;  -999;    -999;   16.9;-999;   23.0;   12.0;    9.7;eor
        400;20240407;-999;-999;-999;   10;   0.0;   0;-999;   0;  -999;  -999;    -999;   18.5;-999;   23.1;   13.8;    9.9;eor
        400;20240408;-999;-999;-999;   10;   0.0;   0;-999;   0;  -999;  -999;    -999;   19.6;-999;   26.9;   13.4;   10.4;eor
        400;20240409;-999;-999;-999;   10;   0.6;   4;-999;   0;  -999;  13.6;    -999;   17.6;   69.00;   26.9;   11.5;    9.5;eor
        400;20240410;-999;-999;-999;   10;   0.0;   0;-999;   0;  -999;   8.8;    -999;   11.2;   67.00;   14.3;    5.4;    1.9;eor
        400;20240411;-999;-999;-999;   10;   0.0;   0;-999;   0;  -999;   8.7;    -999;   11.9;   65.00;   16.6;    3.6;    0.4;eor
        400;20240412;-999;-999;-999;   10;   0.0;   0;-999;   0;  -999;  12.7;    -999;   15.7;   71.00;   19.4;   12.9;   10.5;eor
        400;20240413;-999;-999;-999;   10;   0.0;   0;-999;   0;  -999;  13.2;    -999;   17.5;   67.00;   22.1;   12.1;    8.7;eor
        400;20240414;-999;-999;-999;   10;   0.0;   0;-999;   0;  -999;   9.0;    -999;   14.2;   55.00;   17.5;    6.6;    3.3;eor
        400;20240415;-999;-999;-999;   10;   4.0;   4;-999;   0;  -999;   8.4;    -999;    9.8;   70.00;   14.5;    5.2;    3.3;eor
        400;20240416;-999;-999;-999;   10;   1.5;   4;-999;   0;  -999;   7.6;    -999;    6.3;   80.00;    9.9;    2.8;    0.8;eor
        400;20240417;-999;-999;-999;   10;   0.9;   4;-999;   0;  -999;   6.8;    -999;    5.1;   79.00;   12.2;    0.1;   -1.3;eor
        400;20240418;-999;-999;-999;   10;   0.0;   0;-999;   0;  -999;   6.1;    -999;    6.4;   67.00;   12.4;   -0.6;   -2.7;eor
        400;20240419;-999;-999;-999;   10;  10.1;   4;-999;   0;  -999;   8.2;    -999;    5.9;   89.00;    8.4;    3.6;    0.8;eor
        400;20240420;-999;-999;-999;   10;   0.2;   4;-999;   0;  -999;   6.5;    -999;    5.4;   73.00;   10.0;   -1.0;   -2.6;eor
        400;20240421;-999;-999;-999;   10;   0.0;   4;-999;   0;  -999;   5.1;    -999;    3.4;   68.00;    9.8;   -2.1;   -4.4;eor
        400;20240422;-999;-999;-999;   10;   0.7;   4;-999;   0;  -999;   5.6;    -999;    2.3;   79.00;    7.3;   -2.8;   -5.3;eor
        400;20240423;-999;-999;-999;   10;   0.0;   0;-999;   0;  -999;   5.4;    -999;    4.7;   67.00;    9.9;   -1.7;   -4.1;eor
        400;20240424;-999;-999;-999;   10;   0.3;   4;-999;   0;  -999;   6.6;    -999;    6.5;   69.00;   10.6;    2.2;   -0.7;eor
        400;20240425;-999;-999;-999;   10;   1.3;   4;-999;   0;  -999;   7.2;    -999;    5.5;   81.00;   11.4;    1.3;   -1.3;eor
        400;20240426;-999;-999;-999;   10;   0.0;   0;-999;   0;  -999;   7.1;    -999;    9.2;   65.00;   16.1;    1.5;   -0.9;eor
        400;20240427;-999;-999;-999;   10;   0.0;   0;-999;   0;  -999;   8.3;    -999;   12.4;   61.00;   21.6;    2.0;   -0.7;eor
        400;20240428;-999;-999;-999;   10;   0.0;   0;-999;   0;  -999;  10.2;    -999;   16.2;   57.00;   24.1;    8.1;    3.2;eor
        400;20240429;-999;-999;-999;   10;   0.0;   0;-999;   0;  -999;  11.2;    -999;   16.6;   59.00;   22.1;   11.5;    8.5;eor
        400;20240430;-999;-999;-999;   10;   0.0;   0;-999;   0;  -999;  11.6;    -999;   19.3;   55.00;   29.0;   10.0;    7.5;eor
        400;20240501;-999;-999;-999;   10;   0.0;   0;-999;-999;  -999;  11.4;    -999;   21.0;   47.00;   26.7;   15.4;   10.4;eor
        400;20240502;-999;-999;-999;   10;   0.0;   0;-999;-999;  -999;  12.0;    -999;   20.4;   51.00;   26.3;   14.1;   10.6;eor
        400;20240503;-999;-999;-999;   10;   2.9;   4;-999;-999;  -999;  13.7;    -999;   18.6;   66.00;   24.6;   13.1;    9.3;eor
        400;20240504;-999;-999;-999;   10;   0.9;   4;-999;-999;  -999;  13.3;    -999;   15.6;   76.00;   20.9;   11.7;   10.6;eor
        400;20240505;-999;-999;-999;   10;   0.2;   4;-999;-999;  -999;  12.7;    -999;   15.7;   73.00;   21.2;    9.1;    5.7;eor
        400;20240506;-999;-999;-999;   10;   0.0;   0;-999;-999;  -999;   9.8;    -999;   13.5;   66.00;   19.7;    7.4;    3.9;eor
        400;20240507;-999;-999;-999;   10;   0.0;   0;-999;-999;  -999;   9.6;    -999;   11.7;   71.00;   16.9;    7.6;    4.3;eor
        400;20240508;-999;-999;-999;   10;   0.0;   0;-999;-999;  -999;   7.9;    -999;   12.7;   57.00;   19.2;    6.4;    2.8;eor
        400;20240509;-999;-999;-999;   10;   0.0;   0;-999;-999;  -999;   8.3;    -999;   13.0;   60.00;   21.1;    3.5;    0.4;eor
        400;20240510;-999;-999;-999;   10;   0.0;   0;-999;-999;  -999;  10.9;    -999;   15.8;   63.00;   23.5;    9.0;    7.4;eor
        400;20240511;-999;-999;-999;   10;   0.0;   0;-999;-999;  -999;  11.8;    -999;   14.4;   74.00;   20.2;    9.0;    5.6;eor
        400;20240512;-999;-999;-999;   10;   0.0;   0;-999;-999;  -999;   8.3;    -999;   15.0;   52.00;   21.1;    8.0;    4.0;eor
        400;20240513;-999;-999;-999;   10;   0.0;   0;-999;-999;  -999;   7.6;    -999;   17.2;   41.00;   24.7;    8.8;    3.7;eor
        400;20240514;-999;-999;-999;   10;   0.0;   0;-999;-999;  -999;   7.9;    -999;   18.8;   38.00;   25.8;    9.8;    4.9;eor
        400;20240515;-999;-999;-999;   10;   0.0;   0;-999;-999;  -999;   8.8;    -999;   19.8;   39.00;   26.0;   13.3;    9.0;eor
        400;20240516;-999;-999;-999;   10;   0.0;   0;-999;-999;  -999;   9.1;    -999;   19.5;   41.00;   26.6;   12.5;    9.4;eor
        400;20240517;-999;-999;-999;   10;   0.0;   0;-999;-999;  -999;   9.2;    -999;   19.2;   43.00;   25.7;   13.3;    8.9;eor
        400;20240518;-999;-999;-999;   10;   0.0;   0;-999;-999;  -999;  11.8;    -999;   16.6;   63.00;   21.1;   12.6;   10.0;eor
        400;20240519;-999;-999;-999;   10;   9.6;   4;-999;-999;  -999;  13.9;    -999;   16.3;   77.00;   21.7;   11.2;    8.0;eor
        400;20240520;-999;-999;-999;   10;   0.3;   4;-999;-999;  -999;  14.0;    -999;   17.0;   75.00;   24.3;    9.9;    7.5;eor
        400;20240521;-999;-999;-999;   10;   0.0;   0;-999;-999;  -999;  14.2;    -999;   20.9;   61.00;   27.5;   12.3;    9.7;eor
        400;20240522;-999;-999;-999;   10;  16.2;   4;-999;-999;  -999;  17.2;    -999;   19.7;   76.00;   26.2;   14.7;   14.5;eor
        400;20240523;-999;-999;-999;   10;   0.0;   0;-999;-999;  -999;  14.8;    -999;   18.4;   72.00;   23.7;   14.1;   11.5;eor
        400;20240524;-999;-999;-999;   10;   5.6;   4;-999;-999;  -999;  15.1;    -999;   19.7;   69.00;   25.6;   12.8;   10.1;eor
        400;20240525;-999;-999;-999;   10;   0.0;   0;-999;-999;  -999;  15.7;    -999;   18.8;   74.00;   24.8;   14.2;   12.2;eor
        400;20240526;-999;-999;-999;   10;   0.0;   0;-999;-999;  -999;  15.5;    -999;   20.1;   68.00;   25.9;   12.7;   10.5;eor
        400;20240527;-999;-999;-999;   10;   6.9;   4;-999;-999;  -999;  16.2;    -999;   19.6;   73.00;   24.9;   15.2;   13.1;eor
        400;20240528;-999;-999;-999;   10;   3.4;   4;-999;-999;  -999;  15.2;    -999;   15.8;   85.00;   19.6;   12.0;    9.5;eor
        400;20240529;-999;-999;-999;   10;   0.1;   4;-999;-999;  -999;  13.1;    -999;   17.2;   69.00;   23.3;   10.2;    7.6;eor
        400;20240530;-999;-999;-999;   10;   5.0;   4;-999;-999;  -999;  15.9;    -999;   16.5;   85.00;   22.1;   12.5;    9.7;eor
        400;20240531;-999;-999;-999;   10;   0.0;   0;-999;-999;  -999;  15.0;    -999;   18.0;   75.00;   23.8;   13.1;   10.0;eor
        400;20240601;-999;-999;-999;   10;   0.0;   0;-999;-999;  -999;  16.7;    -999;   21.1;   69.00;   26.9;   14.1;   11.9;eor
        400;20240602;-999;-999;-999;   10;   0.0;   0;-999;-999;  -999;  17.0;    -999;   20.1;   74.00;   25.8;   14.5;   12.5;eor
        400;20240603;-999;-999;-999;   10;   0.0;   0;-999;-999;  -999;  12.5;    -999;   14.3;   76.00;   16.2;   11.4;    8.5;eor
        400;20240604;-999;-999;-999;   10;   0.0;   0;-999;-999;  -999;  12.9;    -999;   15.7;   73.00;   20.7;   10.6;    7.2;eor
        400;20240605;-999;-999;-999;   10;   4.5;   4;-999;-999;  -999;  14.3;    -999;   15.5;   82.00;   20.8;   10.2;    6.9;eor
        400;20240606;-999;-999;-999;   10;   0.2;   4;-999;-999;  -999;  11.1;    -999;   16.0;   64.00;   21.0;   11.4;    8.7;eor
        400;20240607;-999;-999;-999;   10;   0.0;   0;-999;-999;  -999;  10.6;    -999;   15.1;   65.00;   20.9;    8.9;    5.7;eor
        400;20240608;-999;-999;-999;   10;   0.0;   0;-999;-999;  -999;  11.1;    -999;   18.2;   57.00;   26.1;    7.5;    4.7;eor
        400;20240609;-999;-999;-999;   10;   0.0;   0;-999;-999;  -999;   9.1;    -999;   15.0;   57.00;   20.9;    9.6;    6.2;eor
        400;20240610;-999;-999;-999;   10;   1.8;   4;-999;-999;  -999;  10.4;    -999;   14.1;   67.00;   19.6;    7.6;    4.5;eor
        400;20240611;-999;-999;-999;   10;   0.2;   4;-999;-999;  -999;  10.4;    -999;   13.2;   69.00;   17.7;   10.2;    7.0;eor
        400;20240612;-999;-999;-999;   10;   1.5;   4;-999;-999;  -999;  10.3;    -999;   12.2;   73.00;   17.6;    7.7;    3.6;eor
        400;20240613;-999;-999;-999;   10;   0.0;   0;-999;-999;  -999;   9.4;    -999;   13.7;   63.00;   19.6;    8.1;    4.8;eor
        400;20240614;-999;-999;-999;   10;   1.3;   4;-999;-999;  -999;  11.7;    -999;   14.2;   73.00;   20.6;    7.9;    4.7;eor
        400;20240615;-999;-999;-999;   10;   3.4;   4;-999;-999;  -999;  13.3;    -999;   16.7;   72.00;   22.9;   10.2;    6.8;eor
        400;20240616;-999;-999;-999;   10;   0.2;   4;-999;-999;  -999;  11.7;    -999;   18.2;   60.00;   25.2;    9.5;    6.2;eor
        400;20240617;-999;-999;-999;   10;   3.0;   4;-999;-999;  -999;  15.2;    -999;   19.3;   70.00;   25.4;   13.6;   10.2;eor
        400;20240618;-999;-999;-999;   10;   7.4;   4;-999;-999;  -999;  17.3;    -999;   19.7;   78.00;   27.6;   13.2;    9.7;eor
        400;20240619;-999;-999;-999;   10;   1.0;   4;-999;-999;  -999;  15.8;    -999;   16.0;   87.00;   19.1;   10.8;    7.5;eor
        400;20240620;-999;-999;-999;   10;   0.0;   0;-999;-999;  -999;  12.5;    -999;   17.3;   66.00;   24.0;    8.7;    5.2;eor
        400;20240621;-999;-999;-999;   10;   2.8;   4;-999;-999;  -999;  19.2;    -999;   20.2;   80.00;   27.3;   14.7;   12.1;eor
        400;20240622;-999;-999;-999;   10;   4.7;   4;-999;-999;  -999;  16.3;    -999;   18.9;   76.00;   23.0;   13.4;   10.1;eor
        400;20240623;-999;-999;-999;   10;   0.0;   0;-999;-999;  -999;  14.0;    -999;   18.2;   68.00;   23.1;   12.8;    9.7;eor
        400;20240624;-999;-999;-999;   10;   0.0;   0;-999;-999;  -999;  14.1;    -999;   19.2;   66.00;   25.7;   12.0;    9.0;eor
        400;20240625;-999;-999;-999;   10;   0.0;   0;-999;-999;  -999;  14.9;    -999;   21.3;   62.00;   27.5;   13.3;   10.8;eor
        400;20240626;-999;-999;-999;   10;   0.0;   0;-999;-999;  -999;  17.2;    -999;   24.7;   57.00;   31.2;   16.9;   14.4;eor
        400;20240627;-999;-999;-999;   10;   0.3;   4;-999;-999;  -999;  20.8;    -999;   25.0;   67.00;   30.7;   19.6;   17.3;eor
        400;20240628;-999;-999;-999;   10;   1.0;   4;-999;-999;  -999;  18.1;    -999;   22.7;   67.00;   29.1;   14.8;   11.7;eor
        400;20240629;-999;-999;-999;   10;   5.2;   4;-999;-999;  -999;  15.5;    -999;   23.2;   58.00;   29.9;   13.0;   10.1;eor
        400;20240630;-999;-999;-999;   10;   6.6;   4;-999;-999;  -999;  20.9;    -999;   21.2;   83.00;   26.4;   16.3;   14.9;eor
        400;20240701;-999;-999;-999;   10;  15.7;   4;-999;-999;  -999;  16.7;    -999;   16.8;   88.00;   19.7;   12.6;   11.5;eor
        400;20240702;-999;-999;-999;   10;   0.2;   4;-999;-999;  -999;  14.5;    -999;   15.1;   85.00;   17.8;   12.2;   11.1;eor
        400;20240703;-999;-999;-999;   10;   0.0;   0;-999;-999;  -999;  12.1;    -999;   15.0;   72.00;   18.1;   12.3;   12.1;eor
        400;20240704;-999;-999;-999;   10;   3.0;   4;-999;-999;  -999;  13.3;    -999;   15.1;   78.00;   19.8;   10.4;    8.2;eor
        400;20240705;-999;-999;-999;   10;   0.0;   0;-999;-999;  -999;  11.3;    -999;   15.9;   66.00;   22.1;    8.8;    6.6;eor
        400;20240706;-999;-999;-999;   10;   0.6;   4;-999;-999;  -999;  16.1;    -999;   21.4;   66.00;   31.3;   11.5;    9.3;eor
        400;20240707;-999;-999;-999;   10;   0.0;   0;-999;-999;  -999;  10.2;    -999;   18.4;   50.00;   23.7;   12.0;    9.9;eor
        400;20240708;-999;-999;-999;   10;   0.0;   0;-999;-999;  -999;  11.5;    -999;   19.9;   53.00;   27.0;   11.7;    9.5;eor
        400;20240709;-999;-999;-999;   10;   0.0;   0;-999;-999;  -999;  15.1;    -999;   24.9;   51.00;   32.0;   16.9;   15.5;eor
        400;20240710;-999;-999;-999;   10;  24.6;   4;-999;-999;  -999;  21.9;    -999;   23.9;   75.00;   31.2;   19.4;   18.1;eor
        400;20240711;-999;-999;-999;   10;   0.4;   4;-999;-999;  -999;  20.3;    -999;   22.3;   77.00;   27.3;   17.8;   16.0;eor
        400;20240712;-999;-999;-999;   10;   8.5;   4;-999;-999;  -999;  20.9;    -999;   20.4;   88.00;   25.6;   17.0;   15.6;eor
        400;20240713;-999;-999;-999;   10;   0.6;   4;-999;-999;  -999;  14.7;    -999;   17.5;   75.00;   23.0;   12.6;   11.3;eor
        400;20240714;-999;-999;-999;   10;   0.0;   0;-999;-999;  -999;  14.2;    -999;   18.6;   69.00;   24.8;   11.5;   10.1;eor
        400;20240715;-999;-999;-999;   10;   0.0;   0;-999;-999;  -999;  14.8;    -999;   22.4;   59.00;   29.6;   14.3;   12.7;eor
        400;20240716;-999;-999;-999;   10;   7.8;   4;-999;-999;  -999;  18.6;    -999;   21.1;   75.00;   27.9;   15.9;   13.9;eor
        400;20240717;-999;-999;-999;   10;   0.0;   0;-999;-999;  -999;  15.6;    -999;   19.1;   72.00;   24.5;   13.4;   11.6;eor
        400;20240718;-999;-999;-999;   10;   0.0;   0;-999;-999;  -999;  15.5;    -999;   19.8;   70.00;   26.8;   12.9;   11.0;eor
        400;20240719;-999;-999;-999;   10;   0.0;   0;-999;-999;  -999;  15.5;    -999;   22.5;   61.00;   29.3;   13.6;   11.9;eor
        400;20240720;-999;-999;-999;   10;   0.0;   0;-999;-999;  -999;  16.1;    -999;   23.8;   58.00;   30.9;   16.8;   14.7;eor
        400;20240721;-999;-999;-999;   10;   1.4;   4;-999;-999;  -999;  17.1;    -999;   25.2;   56.00;   33.0;   16.2;   12.9;eor
        400;20240722;-999;-999;-999;   10;   1.2;   4;-999;-999;  -999;  19.5;    -999;   19.6;   85.00;   22.4;   12.9;   10.5;eor
        400;20240723;-999;-999;-999;   10;   4.2;   4;-999;-999;  -999;  15.9;    -999;   19.1;   76.00;   28.3;   11.3;    9.2;eor
        400;20240724;-999;-999;-999;   10;   0.0;   4;-999;-999;  -999;  15.9;    -999;   18.7;   75.00;   23.6;   13.3;   10.5;eor
        400;20240725;-999;-999;-999;   10;   0.0;   0;-999;-999;  -999;  12.5;    -999;   16.7;   68.00;   23.0;   10.5;    8.1;eor
        400;20240726;-999;-999;-999;   10;   1.8;   4;-999;-999;  -999;  15.1;    -999;   19.3;   68.00;   24.9;   12.0;    9.6;eor
        400;20240727;-999;-999;-999;   10;  27.0;   4;-999;-999;  -999;  20.0;    -999;   19.7;   87.00;   23.6;   16.3;   14.4;eor
        400;20240728;-999;-999;-999;   10;   0.2;   4;-999;-999;  -999;  15.5;    -999;   18.3;   75.00;   23.3;   13.7;   10.9;eor
        400;20240729;-999;-999;-999;   10;   0.0;   0;-999;-999;  -999;  13.3;    -999;   17.7;   69.00;   24.3;   11.5;    9.3;eor
        400;20240730;-999;-999;-999;   10;   0.0;   0;-999;-999;  -999;  13.8;    -999;   19.5;   65.00;   28.1;   10.0;    8.5;eor
        400;20240731;-999;-999;-999;   10;   0.0;   0;-999;-999;  -999;  16.4;    -999;   22.2;   65.00;   29.5;   13.7;   12.2;eor
        400;20240801;-999;-999;-999;   10;   0.0;   0;-999;-999;  -999;  15.9;    -999;   22.1;   62.00;   28.4;   14.2;   12.6;eor
        400;20240802;-999;-999;-999;   10;   0.0;   0;-999;-999;  -999;  15.1;    -999;   18.6;   71.00;   21.6;   16.0;   15.3;eor
        400;20240803;-999;-999;-999;   10;  12.1;   4;-999;-999;  -999;  15.8;    -999;   19.4;   72.00;   25.6;   13.1;   11.3;eor
        400;20240804;-999;-999;-999;   10;   0.5;   4;-999;-999;  -999;  18.1;    -999;   19.4;   81.00;   23.9;   16.3;   15.5;eor
        400;20240805;-999;-999;-999;   10;   0.0;   0;-999;-999;  -999;  13.9;    -999;   17.7;   70.00;   23.5;   12.7;   11.2;eor
        400;20240806;-999;-999;-999;   10;   0.0;   0;-999;-999;  -999;  14.1;    -999;   19.4;   67.00;   26.6;   11.4;   10.0;eor
        400;20240807;-999;-999;-999;   10;   0.6;   4;-999;-999;  -999;  16.6;    -999;   22.1;   65.00;   29.6;   14.8;   12.4;eor
        400;20240808;-999;-999;-999;   10;   0.0;   0;-999;-999;  -999;  16.0;    -999;   19.4;   73.00;   23.9;   13.6;   12.1;eor
        400;20240809;-999;-999;-999;   10;   2.9;   4;-999;-999;  -999;  17.6;    -999;   19.2;   80.00;   25.1;   13.3;   11.5;eor
        400;20240810;-999;-999;-999;   10;   0.0;   0;-999;-999;  -999;  16.5;    -999;   20.4;   71.00;   26.1;   14.9;   12.9;eor
        400;20240811;-999;-999;-999;   10;   0.0;   0;-999;-999;  -999;  15.3;    -999;   20.3;   66.00;   25.6;   13.4;   10.8;eor
        400;20240812;-999;-999;-999;   10;   0.0;   0;-999;-999;  -999;  14.0;    -999;   19.9;   64.00;   27.9;   11.6;    9.4;eor
        400;20240813;-999;-999;-999;   10;   0.0;   0;-999;-999;  -999;  14.1;    -999;   22.5;   54.00;   30.4;   13.8;   10.9;eor
        400;20240814;-999;-999;-999;   10;   1.1;   4;-999;-999;  -999;  16.3;    -999;   24.7;   54.00;   32.7;   17.6;   15.0;eor
        400;20240815;-999;-999;-999;   10;   0.0;   0;-999;-999;  -999;  21.1;    -999;   22.8;   78.00;   28.5;   17.1;   14.3;eor
        400;20240816;-999;-999;-999;   10;   0.3;   4;-999;-999;  -999;  18.5;    -999;   23.1;   69.00;   30.1;   16.0;   13.0;eor
        400;20240817;-999;-999;-999;   10;  22.7;   4;-999;-999;  -999;  20.4;    -999;   22.0;   78.00;   28.8;   17.1;   15.0;eor
        400;20240818;-999;-999;-999;   10;   0.0;   0;-999;-999;  -999;  18.5;    -999;   19.2;   83.00;   23.4;   16.1;   16.0;eor
        400;20240819;-999;-999;-999;   10;   0.0;   0;-999;-999;  -999;  14.5;    -999;   18.3;   71.00;   23.2;   12.6;   11.1;eor
        400;20240820;-999;-999;-999;   10;   0.1;   4;-999;-999;  -999;  15.7;    -999;   19.8;   70.00;   27.1;   12.2;   10.0;eor
        400;20240821;-999;-999;-999;   10;   0.0;   0;-999;-999;  -999;  14.6;    -999;   19.2;   65.00;   23.1;   11.7;    9.1;eor
        400;20240822;-999;-999;-999;   10;   0.0;   0;-999;-999;  -999;  12.0;    -999;   18.1;   60.00;   24.0;   11.7;    9.1;eor
        400;20240823;-999;-999;-999;   10;   0.0;   0;-999;-999;  -999;  13.4;    -999;   22.6;   52.00;   30.1;   14.8;   12.7;eor
        400;20240824;-999;-999;-999;   10;   0.2;   4;-999;-999;  -999;  17.7;    -999;   24.7;   60.00;   31.9;   16.2;   13.8;eor
        400;20240825;-999;-999;-999;   10;   0.0;   0;-999;-999;  -999;  14.8;    -999;   19.9;   64.00;   25.7;   11.8;   10.1;eor
        400;20240826;-999;-999;-999;   10;   0.0;   0;-999;-999;  -999;  12.4;    -999;   17.7;   66.00;   25.9;    9.8;    7.4;eor
        400;20240827;-999;-999;-999;   10;   0.0;   0;-999;-999;  -999;  13.0;    -999;   19.2;   63.00;   26.8;   11.3;    9.2;eor
        400;20240828;-999;-999;-999;   10;   0.0;   0;-999;-999;  -999;  16.6;    -999;   22.6;   61.00;   30.2;   13.3;   10.8;eor
        400;20240829;-999;-999;-999;   10;   0.0;   0;-999;-999;  -999;  19.1;    -999;   25.7;   62.00;   34.1;   19.9;   17.0;eor
        400;20240830;-999;-999;-999;   10;  11.6;   4;-999;-999;  -999;  18.3;    -999;   21.8;   71.00;   29.9;   13.5;   13.4;eor
        400;20240831;-999;-999;-999;   10;   0.0;   0;-999;-999;  -999;  14.5;    -999;   17.5;   75.00;   23.9;   13.3;   11.5;eor
        400;20240901;-999;-999;-999;   10;   0.0;   0;-999;-999;  -999;  13.8;    -999;   18.4;   68.00;   24.8;   12.7;   10.5;eor
        400;20240902;-999;-999;-999;   10;   0.0;   0;-999;-999;  -999;  14.3;    -999;   19.1;   68.00;   26.8;   11.2;    9.0;eor
        400;20240903;-999;-999;-999;   10;   0.0;   0;-999;-999;  -999;  19.6;    -999;   23.6;   70.00;   32.0;   16.0;   13.7;eor
        400;20240904;-999;-999;-999;   10;   0.0;   0;-999;-999;  -999;  15.8;    -999;   25.9;   51.00;   33.5;   19.3;   15.6;eor
        400;20240905;-999;-999;-999;   10;   0.0;   0;-999;-999;  -999;  13.5;    -999;   25.3;   43.00;   30.9;   20.4;   17.1;eor
        400;20240906;-999;-999;-999;   10;   0.0;   0;-999;-999;  -999;  12.7;    -999;   22.9;   47.00;   29.7;   15.7;   12.8;eor
        400;20240907;-999;-999;-999;   10;   0.0;   0;-999;-999;  -999;  15.2;    -999;   23.0;   57.00;   31.4;   14.9;   11.7;eor
        400;20240908;-999;-999;-999;   10;   0.1;   4;-999;-999;  -999;  16.9;    -999;   25.0;   55.00;   32.2;   18.9;   15.8;eor
        400;20240909;-999;-999;-999;   10;   9.8;   4;-999;-999;  -999;  17.7;    -999;   18.0;   86.00;   23.4;   13.4;   11.5;eor
        400;20240910;-999;-999;-999;   10;   0.5;   4;-999;-999;  -999;  13.2;    -999;   16.1;   73.00;   19.2;   13.7;   11.3;eor
        400;20240911;-999;-999;-999;   10;   0.8;   4;-999;-999;  -999;  12.2;    -999;   14.0;   76.00;   16.1;    8.8;    6.3;eor
        400;20240912;-999;-999;-999;   10;   0.0;   0;-999;-999;  -999;   9.6;    -999;   10.9;   76.00;   16.2;    6.9;    5.1;eor
        400;20240913;-999;-999;-999;   10;   2.9;   4;-999;-999;  -999;  10.8;    -999;   11.1;   82.00;   14.9;    7.0;    5.4;eor
        400;20240914;-999;-999;-999;   10;   0.0;   0;-999;-999;  -999;  10.1;    -999;   13.7;   66.00;   18.3;    8.9;    7.1;eor
        400;20240915;-999;-999;-999;   10;   2.5;   4;-999;-999;  -999;  10.9;    -999;   13.2;   73.00;   18.6;    8.0;    6.1;eor
        400;20240916;-999;-999;-999;   10;   1.4;   4;-999;-999;  -999;  15.6;    -999;   15.1;   91.00;   17.5;   12.3;   12.0;eor
        400;20240917;-999;-999;-999;   10;   0.0;   0;-999;-999;  -999;  16.7;    -999;   18.9;   78.00;   25.3;   15.2;   14.4;eor
        400;20240918;-999;-999;-999;   10;   0.0;   0;-999;-999;  -999;  16.6;    -999;   18.5;   80.00;   24.9;   14.7;   14.2;eor
        400;20240919;-999;-999;-999;   10;   0.0;   0;-999;-999;  -999;  15.0;    -999;   18.0;   74.00;   24.7;   11.8;    8.9;eor
        400;20240920;-999;-999;-999;   10;   0.0;   0;-999;-999;  -999;  10.3;    -999;   17.0;   57.00;   24.1;   10.4;    7.9;eor
        400;20240921;-999;-999;-999;   10;   0.0;   0;-999;-999;  -999;  10.3;    -999;   16.0;   59.00;   23.6;    8.1;    5.0;eor
        400;20240922;-999;-999;-999;   10;   0.0;   0;-999;-999;  -999;  11.5;    -999;   15.7;   69.00;   24.7;    8.0;    5.3;eor
        400;20240923;-999;-999;-999;   10;   0.0;   0;-999;-999;  -999;  13.0;    -999;   16.4;   73.00;   25.0;    9.1;    6.7;eor
        400;20240924;-999;-999;-999;   10;   9.4;   4;-999;-999;  -999;  14.9;    -999;   14.4;   91.00;   17.6;   11.5;    8.6;eor
        400;20240925;-999;-999;-999;   10;   5.7;   4;-999;-999;  -999;  14.6;    -999;   15.1;   85.00;   19.0;   12.4;   10.5;eor
        400;20240926;-999;-999;-999;   10;   0.4;   4;-999;-999;  -999;  15.2;    -999;   16.2;   83.00;   19.1;   12.6;   11.6;eor
        400;20240927;-999;-999;-999;   10;   3.1;   4;-999;-999;  -999;  12.1;    -999;   16.0;   67.00;   19.5;   11.9;   10.6;eor
        400;20240928;-999;-999;-999;   10;   1.0;   4;-999;-999;  -999;  10.2;    -999;   11.3;   76.00;   15.9;    6.3;    4.4;eor
        400;20240929;-999;-999;-999;   10;   0.0;   0;-999;-999;  -999;   8.5;    -999;    8.4;   80.00;   14.8;    3.9;    1.6;eor
        400;20240930;-999;-999;-999;   10;   0.0;   0;-999;-999;  -999;   8.3;    -999;    9.9;   70.00;   15.8;    3.9;    1.8;eor
        400;20241001;-999;-999;-999;   10;   9.4;   4;-999;   0;  -999;  10.1;    -999;    9.2;   87.00;   10.1;    7.7;    5.9;eor
        400;20241002;-999;-999;-999;   10;   2.3;   4;-999;   0;  -999;  10.9;    -999;    9.4;   92.00;   10.5;    8.3;    8.1;eor
        400;20241003;-999;-999;-999;   10;   0.2;   4;-999;   0;  -999;  11.9;    -999;   10.9;   91.00;   13.8;    9.1;    8.8;eor
        400;20241004;-999;-999;-999;   10;   1.6;   4;-999;   0;  -999;  11.5;    -999;   10.9;   88.00;   15.0;    6.6;    4.6;eor
        400;20241005;-999;-999;-999;   10;   0.0;   0;-999;   0;  -999;  10.6;    -999;   10.0;   87.00;   13.9;    5.1;    3.1;eor
        400;20241006;-999;-999;-999;   10;   0.0;   0;-999;   0;  -999;   9.8;    -999;    9.0;   85.00;   11.5;    5.1;    3.4;eor
        400;20241007;-999;-999;-999;   10;   0.0;   0;-999;   0;  -999;  11.7;    -999;   11.0;   89.00;   15.5;    6.3;    3.9;eor
        400;20241008;-999;-999;-999;   10;  11.2;   4;-999;   0;  -999;  15.7;    -999;   15.6;   89.00;   21.1;   11.2;   10.5;eor
        400;20241009;-999;-999;-999;   10;   1.0;   4;-999;   0;  -999;  15.0;    -999;   15.9;   84.00;   20.0;   12.9;   12.0;eor
        400;20241010;-999;-999;-999;   10;   3.4;   4;-999;   0;  -999;  13.6;    -999;   14.4;   82.00;   19.1;    7.9;    6.0;eor
        400;20241011;-999;-999;-999;   10;   0.0;   0;-999;   0;  -999;   8.7;    -999;    8.0;   82.00;   13.4;    3.2;    0.9;eor
        400;20241012;-999;-999;-999;   10;   3.3;   4;-999;   0;  -999;   8.3;    -999;    8.1;   78.00;   13.6;    1.7;   -0.6;eor
        400;20241013;-999;-999;-999;   10;   0.2;   4;-999;   0;  -999;   9.8;    -999;   10.2;   79.00;   11.9;    8.0;    6.4;eor
        400;20241014;-999;-999;-999;   10;   0.0;   0;-999;   0;  -999;   9.1;    -999;    8.8;   80.00;   11.5;    6.1;    3.8;eor
        400;20241015;-999;-999;-999;   10;   0.0;   0;-999;   0;  -999;   7.9;    -999;    6.5;   83.00;   12.6;    2.3;   -0.2;eor
        400;20241016;-999;-999;-999;   10;   0.0;   0;-999;   0;  -999;   8.4;    -999;    9.1;   73.00;   14.2;    3.4;    0.0;eor
        400;20241017;-999;-999;-999;   10;   0.0;   0;-999;   0;  -999;  10.1;    -999;   11.4;   75.00;   16.5;    7.3;    5.2;eor
        400;20241018;-999;-999;-999;   10;   0.0;   0;-999;   0;  -999;  11.5;    -999;   12.1;   82.00;   17.5;    8.0;    5.3;eor
        400;20241019;-999;-999;-999;   10;   0.0;   0;-999;   0;  -999;  12.2;    -999;   13.0;   81.00;   18.8;    9.0;    6.3;eor
        400;20241020;-999;-999;-999;   10;   0.2;   4;-999;   0;  -999;  11.8;    -999;   12.6;   82.00;   16.7;    9.5;    6.9;eor
        400;20241021;-999;-999;-999;   10;   0.1;   4;-999;   0;  -999;  15.3;    -999;   15.6;   86.00;   19.0;   13.4;   11.6;eor
        400;20241022;-999;-999;-999;   10;   0.0;   0;-999;   0;  -999;  12.3;    -999;   11.9;   88.00;   16.7;    6.5;    2.5;eor
        400;20241023;-999;-999;-999;   10;   0.0;   0;-999;   0;  -999;  10.3;    -999;    8.7;   92.00;   15.6;    4.9;    1.3;eor
        400;20241024;-999;-999;-999;   10;   0.0;   0;-999;   0;  -999;   9.8;    -999;    9.4;   84.00;   15.6;    3.4;    0.0;eor
        400;20241025;-999;-999;-999;   10;   0.0;   0;-999;   0;  -999;  11.0;    -999;   10.3;   88.00;   16.7;    6.2;    3.3;eor
        400;20241026;-999;-999;-999;   10;   0.0;   4;-999;   0;  -999;  12.2;    -999;   11.3;   91.00;   17.7;    6.1;    2.9;eor
        400;20241027;-999;-999;-999;   10;   0.0;   4;-999;   0;  -999;  11.9;    -999;   10.8;   92.00;   15.1;    7.5;    3.2;eor
        400;20241028;-999;-999;-999;   10;   0.3;   4;-999;   0;  -999;  12.5;    -999;   11.2;   93.00;   15.0;    6.5;    3.9;eor
        400;20241029;-999;-999;-999;   10;   0.0;   0;-999;   0;  -999;  13.7;    -999;   13.1;   90.00;   14.6;   11.9;   11.0;eor
        400;20241030;-999;-999;-999;   10;   0.0;   0;-999;   0;  -999;  13.3;    -999;   13.4;   86.00;   15.4;   11.2;   10.0;eor
        400;20241031;-999;-999;-999;   10;   0.0;   0;-999;   0;  -999;  11.3;    -999;   11.7;   83.00;   13.0;    8.3;    6.2;eor
        400;20241101;-999;-999;-999;   10;   1.2;   4;-999;   0;  -999;  11.4;    -999;   10.9;   87.00;   11.9;    9.8;    9.8;eor
        400;20241102;-999;-999;-999;   10;   0.0;   0;-999;   0;  -999;   7.5;    -999;    6.0;   80.00;   11.0;   -0.7;   -2.8;eor
        400;20241103;-999;-999;-999;   10;   0.2;   4;-999;   0;  -999;   6.9;    -999;    4.0;   85.00;   10.0;   -1.4;   -3.4;eor
        400;20241104;-999;-999;-999;   10;   0.2;   4;-999;   0;  -999;  10.3;    -999;    8.7;   91.00;   11.0;    6.2;    6.0;eor
        400;20241105;-999;-999;-999;   10;   0.0;   0;-999;   0;  -999;   8.9;    -999;    7.3;   87.00;   10.6;    4.4;    1.1;eor
        400;20241106;-999;-999;-999;   10;   0.1;   4;-999;   0;  -999;   8.1;    -999;    4.3;   97.00;    5.2;    3.4;    3.6;eor
        400;20241107;-999;-999;-999;   10;   0.0;   4;-999;   0;  -999;   7.7;    -999;    4.7;   90.00;    5.5;    3.7;    3.6;eor
        400;20241108;-999;-999;-999;   10;   0.0;   0;-999;   0;  -999;   7.4;    -999;    4.9;   86.00;    5.6;    4.3;    4.2;eor
        400;20241109;-999;-999;-999;   10;   0.0;   0;-999;   0;  -999;   6.8;    -999;    3.4;   88.00;    5.4;    1.2;    0.9;eor
        400;20241110;-999;-999;-999;   10;   0.0;   0;-999;   0;  -999;   6.4;    -999;    1.2;   96.00;    2.0;    0.4;    0.7;eor
        400;20241111;-999;-999;-999;   10;   0.0;   0;-999;   0;  -999;   7.4;    -999;    3.8;   92.00;    5.5;    1.5;    1.7;eor
        400;20241112;-999;-999;-999;   10;   0.3;   4;-999;   0;  -999;   7.4;    -999;    3.9;   92.00;    4.4;    3.3;    3.2;eor
        400;20241113;-999;-999;-999;   10;   0.3;   4;-999;   0;  -999;   8.1;    -999;    4.9;   93.00;    8.5;    1.5;   -1.5;eor
        400;20241114;-999;-999;-999;   10;   0.4;   4;-999;   0;  -999;   8.7;    -999;    6.0;   93.00;    8.3;    1.0;   -1.9;eor
        400;20241115;-999;-999;-999;   10;   0.0;   0;-999;   0;  -999;   9.1;    -999;    7.2;   89.00;    9.0;    4.3;    3.1;eor
        400;20241116;-999;-999;-999;   10;   2.7;   4;-999;   0;  -999;   7.6;    -999;    7.1;   75.00;    8.2;    6.0;    5.4;eor
        400;20241117;-999;-999;-999;   10;   1.1;   4;-999;   0;  -999;   8.2;    -999;    6.0;   87.00;    7.5;    4.6;    3.8;eor
        400;20241118;-999;-999;-999;   10;   0.0;   0;-999;   0;  -999;   6.4;    -999;    4.6;   76.00;    5.9;    2.4;    0.0;eor
        400;20241119;-999;-999;-999;   10;  23.6;   4;-999;   0;  -999;   6.9;    -999;    2.6;   93.00;    8.0;    0.5;   -1.5;eor
        400;20241120;-999;-999;-999;   10;   3.1;   4;-999;   0;  -999;   6.2;    -999;    1.9;   89.00;    2.8;    0.4;    0.0;eor
        400;20241121;-999;-999;-999;   10;   0.0;   0;-999;   0;  -999;   5.4;    -999;    1.0;   82.00;    3.0;   -0.6;   -3.2;eor
        400;20241122;-999;-999;-999;   10;   0.1;   4;-999;   0;  -999;   5.6;    -999;    1.7;   81.00;    3.1;   -0.1;   -1.3;eor
        400;20241123;-999;-999;-999;   10;  10.2;   4;-999;   0;  -999;   5.7;    -999;    2.0;   80.00;    4.9;   -0.9;   -2.1;eor
        400;20241124;-999;-999;-999;   10;   1.3;   4;-999;   0;  -999;   8.9;    -999;    7.8;   83.00;   11.9;    2.7;    2.0;eor
        400;20241125;-999;-999;-999;   10;   1.5;   4;-999;   0;  -999;   9.0;    -999;   11.6;   66.00;   13.9;    9.1;    5.5;eor
        400;20241126;-999;-999;-999;   10;   0.0;   0;-999;   0;  -999;   9.5;    -999;    8.8;   84.00;   11.0;    5.8;    1.2;eor
        400;20241127;-999;-999;-999;   10;   9.1;   4;-999;   0;  -999;   8.5;    -999;    6.6;   87.00;    9.3;    2.8;   -0.7;eor
        400;20241128;-999;-999;-999;   10;  15.4;   4;-999;   0;  -999;   8.6;    -999;    6.1;   91.00;    8.6;    4.8;    4.4;eor
        400;20241129;-999;-999;-999;   10;   0.0;   0;-999;   0;  -999;   7.1;    -999;    4.1;   86.00;    5.8;    0.7;   -1.8;eor
        400;20241130;-999;-999;-999;   10;   0.0;   0;-999;   0;  -999;   6.1;    -999;    2.4;   84.00;    5.4;   -1.2;   -4.1;eor
        400;20241201;-999;-999;-999;   10;   0.0;   0;-999;   0;  -999;   5.5;    -999;    0.1;   90.00;    5.0;   -2.7;   -5.5;eor
        400;20241202;-999;-999;-999;   10;   0.0;   0;-999;   0;  -999;   6.6;    -999;    3.0;   86.00;    6.4;   -2.0;   -5.0;eor
        400;20241203;-999;-999;-999;   10;   4.9;   4;-999;   0;  -999;   8.3;    -999;    5.8;   90.00;    8.1;    4.2;    1.6;eor
        400;20241204;-999;-999;-999;   10;   2.6;   4;-999;   0;  -999;   7.7;    -999;    4.1;   94.00;    4.6;    3.6;    3.2;eor
        400;20241205;-999;-999;-999;   10;   3.4;   4;-999;   0;  -999;   6.8;    -999;    3.5;   86.00;    5.0;    2.2;   -0.6;eor
        400;20241206;-999;-999;-999;   10;   5.0;   4;-999;   0;  -999;   7.7;    -999;    4.2;   93.00;    6.3;    2.3;    0.7;eor
        400;20241207;-999;-999;-999;   10;   4.2;   4;-999;   0;  -999;   8.2;    -999;    5.2;   92.00;    6.4;    4.2;    3.8;eor
        400;20241208;-999;-999;-999;   10;   3.6;   4;-999;   0;  -999;   7.6;    -999;    4.1;   92.00;    4.7;    2.7;    2.2;eor
        400;20241209;-999;-999;-999;   10;   0.4;   4;-999;   0;  -999;   7.2;    -999;    3.4;   93.00;    4.7;    0.7;    0.1;eor
        400;20241210;-999;-999;-999;   10;   0.0;   0;-999;   0;  -999;   6.7;    -999;    3.0;   88.00;    4.4;    2.2;    2.1;eor
        400;20241211;-999;-999;-999;   10;   0.0;   0;-999;   0;  -999;   6.2;    -999;    2.0;   88.00;    3.3;    1.1;    1.1;eor
        400;20241212;-999;-999;-999;   10;   0.0;   0;-999;   0;  -999;   5.8;    -999;    1.4;   85.00;    2.0;    0.2;   -0.8;eor
        400;20241213;-999;-999;-999;   10;   0.0;   0;-999;   0;  -999;   5.6;    -999;    1.3;   84.00;    3.1;    0.3;   -0.1;eor
        400;20241214;-999;-999;-999;   10;   1.0;   4;-999;   0;  -999;   5.7;    -999;    0.3;   90.00;    3.6;   -1.9;   -3.2;eor
        400;20241215;-999;-999;-999;   10;   2.1;   4;-999;   0;  -999;   8.4;    -999;    5.5;   92.00;    9.0;    3.6;    3.2;eor
        400;20241216;-999;-999;-999;   10;   0.1;   4;-999;   0;  -999;  10.6;    -999;    9.9;   87.00;   11.2;    8.9;    8.2;eor
        400;20241217;-999;-999;-999;   10;   0.0;   0;-999;   0;  -999;   9.3;    -999;    9.0;   81.00;    9.6;    7.9;    6.6;eor
        400;20241218;-999;-999;-999;   10;   0.1;   4;-999;   0;  -999;   8.7;    -999;    8.9;   76.00;   12.0;    5.7;    3.0;eor
        400;20241219;-999;-999;-999;   10;   1.2;   4;-999;   0;  -999;  10.1;    -999;   10.4;   80.00;   12.8;    5.4;    4.4;eor
        400;20241220;-999;-999;-999;   10;   0.0;   0;-999;   0;  -999;   6.8;    -999;    5.2;   77.00;    6.2;    2.9;    1.3;eor
        400;20241221;-999;-999;-999;   10;   4.0;   4;-999;   0;  -999;   7.0;    -999;    4.6;   82.00;    6.4;    2.4;    0.2;eor
        400;20241222;-999;-999;-999;   10;   1.9;   4;-999;   0;  -999;   7.9;    -999;    5.4;   88.00;    7.0;    3.2;    1.3;eor
        400;20241223;-999;-999;-999;   10;   2.1;   4;-999;   0;  -999;   7.1;    -999;    3.8;   88.00;    5.1;    2.2;    1.9;eor
        400;20241224;-999;-999;-999;   10;   0.1;   4;-999;   0;  -999;   6.8;    -999;    3.1;   89.00;    4.5;    0.3;   -2.2;eor
        400;20241225;-999;-999;-999;   10;   0.3;   4;-999;   0;  -999;   7.1;    -999;    2.9;   93.00;    5.6;   -0.5;   -2.6;eor
        400;20241226;-999;-999;-999;   10;   0.4;   4;-999;   0;  -999;   9.0;    -999;    5.6;   99.00;    6.5;    3.9;    4.0;eor
        400;20241227;-999;-999;-999;   10;   0.0;   0;-999;   0;  -999;   7.2;    -999;    2.4;  100.00;    4.0;    0.7;    1.0;eor
        400;20241228;-999;-999;-999;   10;   0.0;   0;-999;   0;  -999;   5.9;    -999;   -0.4;   99.00;    0.9;   -2.1;   -1.8;eor
        400;20241229;-999;-999;-999;   10;   0.0;   0;-999;   0;  -999;   5.6;    -999;   -1.0;   97.00;    2.3;   -3.2;   -4.5;eor
        400;20241230;-999;-999;-999;   10;   0.0;   0;-999;   0;  -999;   6.9;    -999;    2.9;   91.00;    4.0;    1.3;    1.2;eor
        400;20241231;-999;-999;-999;   10;   0.0;   0;-999;   0;  -999;   6.1;    -999;    2.0;   86.00;    3.3;    1.3;   -0.4;eor
        400;20250101;-999;-999;-999;   10;   1.2;   4;-999;   0;  -999;   6.5;    -999;    5.4;   72.00;    8.2;    1.9;    1.1;eor
        400;20250102;-999;-999;-999;   10;   0.0;   0;-999;   0;  -999;   6.6;    -999;    4.1;   81.00;    8.0;    1.8;   -0.4;eor
        400;20250103;-999;-999;-999;   10;   0.3;   4;-999;   0;  -999;   5.3;    -999;    1.1;   80.00;    3.2;   -1.4;   -2.8;eor
        400;20250104;-999;-999;-999;   10;   0.0;   0;-999;   0;  -999;   5.0;    -999;   -0.2;   83.00;    0.6;   -1.1;   -2.8;eor
        400;20250105;-999;-999;-999;   10;  12.5;   4;-999;   0;  -999;   5.0;    -999;   -0.9;   88.00;    0.7;   -2.6;   -3.7;eor
        400;20250106;-999;-999;-999;   10;   1.8;   4;-999;   2;  -999;   8.5;    -999;    7.1;   84.00;   11.4;    0.4;    0.0;eor
        400;20250107;-999;-999;-999;   10;   3.8;   4;-999;   0;  -999;   6.5;    -999;    5.4;   73.00;    8.8;    0.4;   -0.7;eor
        400;20250108;-999;-999;-999;   10;   1.6;   4;-999;   0;  -999;   5.7;    -999;    1.8;   82.00;    4.0;   -1.3;   -3.9;eor
        400;20250109;-999;-999;-999;   10;  13.0;   4;-999;   1;  -999;   6.0;    -999;    0.3;   96.00;    0.9;   -0.4;   -1.5;eor
        400;20250110;-999;-999;-999;   10;   2.9;   4;-999;   7;  -999;   6.2;    -999;    0.9;   94.00;    1.2;    0.3;    0.0;eor
        400;20250111;-999;-999;-999;   10;   1.1;   4;-999;   6;  -999;   5.2;    -999;    0.4;   82.00;    1.5;   -0.5;   -1.0;eor
        400;20250112;-999;-999;-999;   10;   0.0;   0;-999;   5;  -999;   4.7;    -999;    0.6;   74.00;    2.0;   -1.2;   -1.8;eor
        400;20250113;-999;-999;-999;   10;   0.0;   0;-999;   5;  -999;   4.3;    -999;   -1.9;   81.00;    0.8;   -6.0;   -9.6;eor
        400;20250114;-999;-999;-999;   10;   1.0;   4;-999;   5;  -999;   4.7;    -999;   -0.2;   78.00;    2.6;   -3.8;   -8.2;eor
        400;20250115;-999;-999;-999;   10;   0.0;   0;-999;   3;  -999;   7.7;    -999;    3.7;   96.00;    5.2;    1.9;    1.5;eor
        400;20250116;-999;-999;-999;   10;   0.0;   0;-999;   0;  -999;   7.0;    -999;    2.6;   94.00;    3.2;    1.4;    1.5;eor
        400;20250117;-999;-999;-999;   10;   0.0;   0;-999;   0;  -999;   6.1;    -999;    0.5;   96.00;    1.7;   -1.6;   -1.3;eor
        400;20250118;-999;-999;-999;   10;   0.0;   0;-999;   0;  -999;   5.1;    -999;   -2.1;   98.00;   -0.8;   -3.1;   -3.0;eor
        400;20250119;-999;-999;-999;   10;   0.0;   0;-999;   0;  -999;   5.4;    -999;   -0.2;   89.00;    5.2;   -4.4;   -6.0;eor
        400;20250120;-999;-999;-999;   10;   0.0;   0;-999;   0;  -999;   5.8;    -999;    1.6;   85.00;    6.2;   -1.2;   -3.8;eor
        400;20250121;-999;-999;-999;   10;   0.0;   0;-999;   0;  -999;   5.1;    -999;   -1.5;   94.00;   -0.7;   -2.4;   -2.2;eor
        400;20250122;-999;-999;-999;   10;   0.0;   0;-999;   0;  -999;   5.3;    -999;   -0.8;   92.00;    1.6;   -3.1;   -2.8;eor
        400;20250123;-999;-999;-999;   10;   5.2;   4;-999;   0;  -999;   6.3;    -999;    2.1;   87.00;    4.6;   -0.8;   -2.2;eor
        400;20250124;-999;-999;-999;   10;   1.8;   4;-999;   0;  -999;   7.4;    -999;    5.3;   82.00;    7.6;    2.1;   -0.5;eor
        400;20250125;-999;-999;-999;   10;   2.8;   4;-999;   0;  -999;   9.0;    -999;    9.3;   78.00;   13.6;    6.4;    5.0;eor
        400;20250126;-999;-999;-999;   10;   1.6;   4;-999;   0;  -999;   8.6;    -999;    6.3;   90.00;    9.5;    3.0;    0.9;eor
        400;20250127;-999;-999;-999;   10;   3.0;   4;-999;   0;  -999;   8.7;    -999;    7.3;   84.00;   11.3;    3.1;    1.3;eor
        400;20250128;-999;-999;-999;   10;   2.4;   4;-999;   0;  -999;   8.8;    -999;    6.5;   91.00;    8.4;    4.1;    0.6;eor
        400;20250129;-999;-999;-999;   10;   1.3;   4;-999;   0;  -999;   8.0;    -999;    6.4;   83.00;    9.0;    3.1;   -0.5;eor
        400;20250130;-999;-999;-999;   10;   2.0;   4;-999;   0;  -999;   7.6;    -999;    6.1;   81.00;    8.3;    2.8;   -0.3;eor
        400;20250131;-999;-999;-999;   10;   0.0;   4;-999;   0;  -999;   6.7;    -999;    4.2;   82.00;    6.1;    2.6;    0.8;eor
        400;20250201;-999;-999;-999;   10;   0.1;   4;-999;   0;  -999;   6.4;    -999;    2.4;   87.00;    4.9;   -1.1;   -3.5;eor
        400;20250202;-999;-999;-999;   10;   0.0;   0;-999;   0;  -999;   6.0;    -999;    1.8;   87.00;    4.3;   -0.6;   -3.2;eor
        400;20250203;-999;-999;-999;   10;   0.0;   0;-999;   0;  -999;   5.3;    -999;   -0.3;   89.00;    5.1;   -3.5;   -6.1;eor
        400;20250204;-999;-999;-999;   10;   0.0;   0;-999;   0;  -999;   4.9;    -999;   -1.0;   87.00;    5.4;   -4.6;   -7.1;eor
        400;20250205;-999;-999;-999;   10;   0.0;   0;-999;   0;  -999;   5.9;    -999;    0.4;   92.00;    3.4;   -4.6;   -7.2;eor
        400;20250206;-999;-999;-999;   10;   0.0;   0;-999;   0;  -999;   7.1;    -999;    3.5;   91.00;    5.3;    2.5;    2.0;eor
        400;20250207;-999;-999;-999;   10;   0.0;   0;-999;   0;  -999;   5.8;    -999;    2.2;   81.00;    3.6;    0.4;   -1.1;eor
        400;20250208;-999;-999;-999;   10;   0.0;   0;-999;   0;  -999;   5.0;    -999;    1.4;   74.00;    4.3;   -0.9;   -2.2;eor
        400;20250209;-999;-999;-999;   10;   0.0;   0;-999;   0;  -999;   4.8;    -999;   -0.4;   82.00;    4.1;   -3.1;   -5.2;eor
        400;20250210;-999;-999;-999;   10;   0.0;   0;-999;   0;  -999;   4.7;    -999;    0.3;   76.00;    3.2;   -1.6;   -3.1;eor
        400;20250211;-999;-999;-999;   10;   0.0;   0;-999;   0;  -999;   3.7;    -999;   -0.9;   65.00;    3.5;   -3.8;   -4.9;eor
        400;20250212;-999;-999;-999;   10;   0.6;   4;-999;   0;  -999;   3.7;    -999;   -3.3;   78.00;   -0.7;   -6.2;   -7.1;eor
        400;20250213;-999;-999;-999;   10;   7.2;   4;-999;   1;  -999;   4.9;    -999;   -1.7;   91.00;   -0.6;   -2.7;   -2.8;eor
        400;20250214;-999;-999;-999;   10;   0.0;   4;-999;  15;  -999;   5.3;    -999;   -0.2;   89.00;    2.5;   -1.8;   -7.7;eor
        400;20250215;-999;-999;-999;   10;   0.0;   4;-999;   8;  -999;   4.4;    -999;   -1.2;   78.00;    1.6;   -3.0;   -7.6;eor
        400;20250216;-999;-999;-999;   10;   0.0;   0;-999;   8;  -999;   3.9;    -999;   -2.4;   77.00;    0.8;   -8.1;  -16.0;eor
        400;20250217;-999;-999;-999;   10;   0.0;   0;-999;   7;  -999;   2.9;    -999;   -6.2;   77.00;    1.6;  -11.3;  -17.8;eor
        400;20250218;-999;-999;-999;   10;   0.0;   0;-999;   7;  -999;   2.7;    -999;   -6.2;   73.00;    1.5;  -12.5;  -18.2;eor
        400;20250219;-999;-999;-999;   10;   0.0;   0;-999;   7;  -999;   3.0;    -999;   -4.2;   70.00;    2.2;  -11.0;  -16.5;eor
        400;20250220;-999;-999;-999;   10;   0.0;   0;-999;   6;  -999;   3.5;    -999;   -1.5;   64.00;    2.9;   -6.9;  -13.0;eor
        400;20250221;-999;-999;-999;   10;   0.0;   0;-999;   6;  -999;   6.0;    -999;    3.2;   78.00;    6.9;   -0.2;   -4.2;eor
        400;20250222;-999;-999;-999;   10;   0.0;   0;-999;   2;  -999;   5.4;    -999;    4.9;   64.00;   10.9;    0.3;   -2.1;eor
        400;20250223;-999;-999;-999;   10;   0.0;   0;-999;   0;  -999;   7.7;    -999;    5.8;   82.00;   11.6;    0.2;   -2.9;eor
        400;20250224;-999;-999;-999;   10;   2.2;   4;-999;   0;  -999;   7.6;    -999;    7.5;   76.00;   15.3;   -0.2;   -3.2;eor
        400;20250225;-999;-999;-999;   10;   1.1;   4;-999;   0;  -999;  10.0;    -999;    8.6;   90.00;   12.5;    4.9;    1.3;eor
        400;20250226;-999;-999;-999;   10;   2.8;   4;-999;   0;  -999;   9.3;    -999;    6.4;   97.00;    8.1;    5.2;    3.4;eor
        400;20250227;-999;-999;-999;   10;   1.4;   4;-999;   0;  -999;   8.3;    -999;    6.8;   85.00;   11.3;    4.7;    3.8;eor
        400;20250228;-999;-999;-999;   10;   5.3;   4;-999;   0;  -999;   7.5;    -999;    3.4;   96.00;    4.9;    1.4;    1.5;eor
        400;20250301;-999;-999;-999;   10;   0.0;   0;-999;   0;  -999;   6.6;    -999;    3.0;   87.00;    7.4;   -0.9;   -3.7;eor
        400;20250302;-999;-999;-999;   10;   0.0;   0;-999;   0;  -999;   6.6;    -999;    4.1;   81.00;    8.0;    0.5;    0.2;eor
        400;20250303;-999;-999;-999;   10;   0.0;   0;-999;   0;  -999;   6.1;    -999;    6.2;   65.00;   10.1;    0.9;   -2.9;eor
        400;20250304;-999;-999;-999;   10;   0.0;   0;-999;   0;  -999;   5.1;    -999;    5.2;   61.00;   11.8;   -0.9;   -4.0;eor
        400;20250305;-999;-999;-999;   10;   0.0;   0;-999;   0;  -999;   5.0;    -999;    7.0;   56.00;   16.2;   -1.4;   -5.3;eor
        400;20250306;-999;-999;-999;   10;   0.0;   0;-999;   0;  -999;   5.5;    -999;    7.4;   58.00;   17.1;   -0.7;   -4.5;eor
        400;20250307;-999;-999;-999;   10;   0.0;   0;-999;   0;  -999;   6.4;    -999;    8.6;   62.00;   19.1;    0.7;   -3.4;eor
        400;20250308;-999;-999;-999;   10;   0.0;   0;-999;   0;  -999;   6.3;    -999;    8.9;   59.00;   17.3;   -0.4;   -3.6;eor
        400;20250309;-999;-999;-999;   10;   0.0;   0;-999;   0;  -999;   7.0;    -999;    8.0;   67.00;   16.0;    1.8;   -1.6;eor
        400;20250310;-999;-999;-999;   10;   0.0;   0;-999;   0;  -999;   6.6;    -999;    7.4;   69.00;   16.5;   -0.9;   -3.3;eor
        400;20250311;-999;-999;-999;   10;   0.0;   0;-999;   0;  -999;   7.2;    -999;    3.2;   94.00;    6.9;    1.3;   -1.4;eor
        400;20250312;-999;-999;-999;   10;   0.0;   0;-999;   0;  -999;   6.9;    -999;    5.5;   77.00;    8.0;    3.3;    3.1;eor
        400;20250313;-999;-999;-999;   10;   0.0;   0;-999;   0;  -999;   6.0;    -999;    4.3;   75.00;    8.5;   -0.9;   -3.6;eor
        400;20250314;-999;-999;-999;   10;   0.0;   0;-999;   0;  -999;   6.2;    -999;    4.4;   74.00;    8.2;    1.0;   -0.9;eor
        400;20250315;-999;-999;-999;   10;   0.2;   4;-999;   0;  -999;   6.6;    -999;    3.7;   84.00;    9.1;   -0.7;   -4.0;eor
        400;20250316;-999;-999;-999;   10;   0.1;   4;-999;   0;  -999;   5.6;    -999;    4.0;   73.00;    9.4;   -2.5;   -5.3;eor
        400;20250317;-999;-999;-999;   10;   0.0;   0;-999;   0;  -999;   3.9;    -999;    2.0;   58.00;    7.1;   -4.6;   -8.1;eor
        400;20250318;-999;-999;-999;   10;   0.0;   0;-999;   0;  -999;   3.3;    -999;    1.1;   55.00;    9.2;   -6.3;   -9.2;eor
        400;20250319;-999;-999;-999;   10;   0.0;   0;-999;   0;  -999;   3.8;    -999;    3.9;   51.00;   13.8;   -5.0;   -8.9;eor
        400;20250320;-999;-999;-999;   10;   0.0;   0;-999;   0;  -999;   5.0;    -999;    7.0;   54.00;   17.6;   -1.9;   -6.7;eor
        400;20250321;-999;-999;-999;   10;   0.0;   0;-999;   0;  -999;   5.6;    -999;   10.0;   51.00;   18.1;   -0.2;   -3.5;eor
        400;20250322;-999;-999;-999;   10;   0.0;   0;-999;   0;  -999;   5.9;    -999;    9.7;   50.00;   15.5;    5.0;    1.3;eor
        400;20250323;-999;-999;-999;   10;   0.0;   0;-999;   0;  -999;   7.3;    -999;   10.0;   59.00;   13.6;    6.2;    3.9;eor
        400;20250324;-999;-999;-999;   10;   1.2;   4;-999;   0;  -999;   9.3;    -999;   10.0;   77.00;   16.0;    5.0;    1.7;eor
        400;20250325;-999;-999;-999;   10;   0.2;   4;-999;   0;  -999;   8.6;    -999;    8.0;   82.00;   15.0;    3.7;    0.2;eor
        400;20250326;-999;-999;-999;   10;   0.6;   4;-999;   0;  -999;   8.6;    -999;    7.1;   85.00;   10.7;    1.4;   -2.0;eor
        400;20250327;-999;-999;-999;   10;   0.0;   0;-999;   0;  -999;   7.7;    -999;    4.0;   95.00;    7.4;    0.5;   -3.1;eor
        400;20250328;-999;-999;-999;   10;   0.0;   0;-999;   0;  -999;   7.5;    -999;    7.4;   76.00;   16.5;    0.6;   -3.1;eor
        400;20250329;-999;-999;-999;   10;   0.0;   0;-999;   0;  -999;   7.9;    -999;    8.0;   75.00;   14.6;    1.5;   -2.6;eor
        400;20250330;-999;-999;-999;   10;   8.0;   4;-999;   0;  -999;   7.7;    -999;    5.5;   85.00;    9.9;   -0.3;   -4.1;eor
        400;20250331;-999;-999;-999;   10;   0.0;   0;-999;   0;  -999;   8.4;    -999;    7.1;   84.00;   10.1;    5.4;    4.5;eor
        400;20250401;-999;-999;-999;    3;   0.0;   0;-999;   0;  -999;   7.6;    -999;    8.8;   69.00;   14.6;    3.9;    2.3;eor
        400;20250402;-999;-999;-999;    3;   0.0;   0;-999;   0;  -999;   7.4;    -999;    8.8;   69.00;   17.1;    2.6;    1.0;eor
        400;20250403;-999;-999;-999;    3;   0.0;   0;-999;   0;  -999;   8.0;    -999;   11.0;   62.00;   19.5;    2.5;   -0.7;eor
        400;20250404;-999;-999;-999;    3;   0.0;   0;-999;   0;  -999;   9.1;    -999;   13.4;   63.00;   21.6;    3.4;    0.7;eor
        400;20250405;-999;-999;-999;    3;   0.0;   0;-999;   0;  -999;   5.4;    -999;    6.2;   58.00;   11.6;    0.0;   -3.3;eor
        400;20250406;-999;-999;-999;    3;   0.0;   0;-999;   0;  -999;   4.1;    -999;    4.1;   52.00;    8.9;   -1.4;   -5.0;eor
        400;20250407;-999;-999;-999;    3;   0.0;   0;-999;   0;  -999;   5.4;    -999;    7.8;   52.00;   13.2;    1.6;   -2.1;eor
        400;20250408;-999;-999;-999;    3;   0.0;   0;-999;   0;  -999;   6.0;    -999;    8.2;   58.00;   14.6;    1.3;   -2.1;eor
        400;20250409;-999;-999;-999;    3;   0.0;   0;-999;   0;  -999;   6.9;    -999;    8.8;   62.00;   14.4;    3.2;    0.2;eor
        400;20250410;-999;-999;-999;    3;   0.0;   0;-999;   0;  -999;   7.8;    -999;    9.0;   69.00;   13.9;    3.3;    0.4;eor
        400;20250411;-999;-999;-999;    3;   0.0;   0;-999;   0;  -999;   8.7;    -999;    9.2;   75.00;   14.9;    5.2;    1.6;eor
        400;20250412;-999;-999;-999;    3;   0.0;   0;-999;   0;  -999;   9.6;    -999;   11.3;   74.00;   18.1;    6.0;    3.1;eor
        400;20250413;-999;-999;-999;    3;   0.0;   4;-999;   0;  -999;  10.7;    -999;   15.1;   64.00;   22.7;    7.0;    2.8;eor
        400;20250414;-999;-999;-999;    3;   0.0;   0;-999;   0;  -999;  11.0;    -999;   15.0;   67.00;   21.1;    8.1;    3.9;eor
        400;20250415;-999;-999;-999;    3;   0.0;   0;-999;   0;  -999;  12.6;    -999;   17.0;   66.00;   23.3;   11.6;    9.5;eor
        400;20250416;-999;-999;-999;    3;   0.0;   0;-999;   0;  -999;  13.4;    -999;   18.6;   65.00;   25.8;   10.4;    7.0;eor
        400;20250417;-999;-999;-999;    3;   0.0;   0;-999;   0;  -999;  13.8;    -999;   19.4;   63.00;   27.2;   13.3;   10.1;eor
        400;20250418;-999;-999;-999;    3;   9.7;   4;-999;   0;  -999;  12.5;    -999;   11.8;   90.00;   14.0;    8.5;    8.4;eor
        400;20250419;-999;-999;-999;    3;   1.0;   4;-999;   0;  -999;  10.3;    -999;    8.6;   92.00;   10.1;    5.8;    3.2;eor
        400;20250420;-999;-999;-999;    3;   0.9;   4;-999;   0;  -999;   9.6;    -999;   12.0;   73.00;   19.9;    4.2;    1.5;eor
        400;20250421;-999;-999;-999;    3;   0.0;   0;-999;   0;  -999;  12.5;    -999;   14.0;   80.00;   18.5;    8.5;    5.4;eor
        400;20250422;-999;-999;-999;    3;   1.3;   4;-999;   0;  -999;  11.6;    -999;   12.9;   80.00;   19.1;    7.2;    4.3;eor
        400;20250423;-999;-999;-999;    3;   1.9;   4;-999;   0;  -999;  11.9;    -999;   12.5;   83.00;   18.6;    6.3;    3.7;eor
        400;20250424;-999;-999;-999;    3;   0.0;   0;-999;   0;  -999;  10.0;    -999;   12.6;   70.00;   18.4;    8.2;    6.2;eor
        400;20250425;-999;-999;-999;    3;   0.0;   0;-999;   0;  -999;   8.1;    -999;   11.5;   63.00;   17.7;    6.2;    3.8;eor
        400;20250426;-999;-999;-999;    3;   0.0;   0;-999;   0;  -999;   6.3;    -999;    9.5;   56.00;   15.7;    4.3;    0.5;eor
        400;20250427;-999;-999;-999;    3;   0.0;   0;-999;   0;  -999;   6.0;    -999;   10.3;   51.00;   18.1;    1.5;   -1.9;eor
        400;20250428;-999;-999;-999;    3;   0.0;   0;-999;   0;  -999;   6.8;    -999;   12.5;   51.00;   21.8;    2.9;   -0.7;eor
        400;20250429;-999;-999;-999;    3;   0.0;   0;-999;   0;  -999;  10.4;    -999;   14.1;   67.00;   22.5;    4.3;    1.3;eor
        400;20250430;-999;-999;-999;    3;   0.0;   0;-999;   0;  -999;  11.5;    -999;   15.3;   70.00;   23.4;    6.7;    3.6;eor
        400;20250501;-999;-999;-999;    3;   0.0;   0;-999;-999;  -999;  10.4;    -999;   16.3;   61.96;   25.0;    6.6;    3.2;eor
        400;20250502;-999;-999;-999;    3;   2.1;   4;-999;-999;  -999;  12.6;    -999;   18.2;   65.33;   28.3;   10.0;    5.8;eor
        400;20250503;-999;-999;-999;    3;   0.2;   4;-999;-999;  -999;  11.3;    -999;   13.6;   73.33;   17.0;   10.8;    8.7;eor
        400;20250504;-999;-999;-999;    3;   0.1;   4;-999;-999;  -999;   8.7;    -999;   10.0;   71.17;   14.3;    4.3;    1.0;eor
        400;20250505;-999;-999;-999;    3;   0.0;   0;-999;-999;  -999;   6.2;    -999;    8.1;   61.42;   14.5;    0.8;   -2.3;eor
        400;20250506;-999;-999;-999;    3;   0.0;   0;-999;-999;  -999;   6.7;    -999;    8.5;   63.50;   17.2;   -1.8;   -4.7;eor
        400;20250507;-999;-999;-999;    3;   0.0;   0;-999;-999;  -999;   6.3;    -999;   10.1;   55.92;   16.0;    2.7;   -1.0;eor
        400;20250508;-999;-999;-999;    3;   0.0;   0;-999;-999;  -999;   6.5;    -999;   10.0;   56.13;   16.4;    1.7;   -2.4;eor
        400;20250509;-999;-999;-999;    3;   0.0;   0;-999;-999;  -999;   7.2;    -999;   11.8;   56.21;   19.5;    2.0;   -2.0;eor
        400;20250510;-999;-999;-999;    3;   0.0;   0;-999;-999;  -999;   9.8;    -999;   12.3;   68.63;   18.6;    5.7;    1.9;eor
        400;20250511;-999;-999;-999;    3;   0.0;   0;-999;-999;  -999;   7.8;    -999;   11.5;   60.50;   18.9;    3.9;    0.2;eor
        400;20250512;-999;-999;-999;    3;   0.0;   0;-999;-999;  -999;   6.8;    -999;   11.3;   54.04;   19.2;    3.0;    0.4;eor
        400;20250513;-999;-999;-999;    3;   0.0;   0;-999;-999;  -999;   7.7;    -999;   13.4;   55.46;   21.7;    3.7;   -1.1;eor
        400;20250514;-999;-999;-999;    3;   0.0;   0;-999;-999;  -999;   9.4;    -999;   15.7;   55.79;   22.6;    7.1;    4.2;eor
        400;20250515;-999;-999;-999;    3;   0.3;   4;-999;-999;  -999;   8.0;    -999;   10.7;   63.25;   14.7;    6.5;    2.3;eor
        400;20250516;-999;-999;-999;    1;  13.0;   4;-999;-999;  -999;   9.4;    -999;   11.3;   71.04;   16.6;    7.0;    3.8;eor
        400;20250517;-999;-999;-999;    1;   1.8;   4;-999;-999;  -999;   9.5;    -999;   10.7;   74.67;   17.7;    6.1;    3.5;eor
        400;20250518;-999;-999;-999;    1;   2.0;   4;-999;-999;  -999;   9.7;    -999;   10.2;   79.25;   15.8;    6.0;    4.4;eor
        400;20250519;-999;-999;-999;    1;   0.0;   0;-999;-999;  -999;  11.6;    -999;   11.7;   84.83;   14.8;    8.2;    5.1;eor
        400;20250520;-999;-999;-999;    1;   0.0;   0;-999;-999;  -999;  10.6;    -999;   15.8;   63.50;   24.1;    6.1;    3.2;eor
        400;20250521;-999;-999;-999;    1;   0.0;   0;-999;-999;  -999;   8.9;    -999;   16.4;   49.92;   21.6;   10.6;    8.2;eor
        400;20250522;-999;-999;-999;    1;   0.0;   0;-999;-999;  -999;   7.2;    -999;   10.4;   58.33;   16.1;    4.4;    1.4;eor
        400;20250523;-999;-999;-999;    1;   2.2;   4;-999;-999;  -999;   7.5;    -999;    8.0;   70.00;   13.4;    4.2;    1.5;eor
        400;20250524;-999;-999;-999;    1;   0.0;   4;-999;-999;  -999;   7.6;    -999;   12.0;   57.79;   18.3;    4.7;    1.7;eor
        400;20250525;-999;-999;-999;    1;   3.0;   4;-999;-999;  -999;  12.5;    -999;   13.4;   79.75;   16.2;    9.2;    7.2;eor
        400;20250526;-999;-999;-999;    1;   0.0;   0;-999;-999;  -999;  11.3;    -999;   15.2;   68.58;   21.4;   10.9;    8.2;eor
        400;20250527;-999;-999;-999;    1;   1.0;   4;-999;-999;  -999;  10.6;    -999;   16.4;   59.75;   21.8;    7.7;    5.6;eor
        400;20250528;-999;-999;-999;    1;  14.9;   4;-999;-999;  -999;  14.4;    -999;   15.4;   82.00;   19.7;   12.5;   11.9;eor
        400;20250529;-999;-999;-999;    1;   3.4;   4;-999;-999;  -999;  10.6;    -999;   15.0;   63.79;   19.6;   10.6;    9.4;eor
        400;20250530;-999;-999;-999;    1;   0.0;   0;-999;-999;  -999;  15.7;    -999;   18.0;   77.50;   24.6;   12.9;   12.7;eor
        400;20250531;-999;-999;-999;    1;   0.0;   0;-999;-999;  -999;  15.3;    -999;   19.3;   70.00;   25.9;   12.7;   10.8;eor
        400;20250601;-999;-999;-999;    1;   0.0;   0;-999;-999;  -999;  16.0;    -999;   20.1;   69.17;   26.6;   14.6;   11.9;eor
        400;20250602;-999;-999;-999;    1;   0.8;   4;-999;-999;  -999;  13.2;    -999;   17.1;   68.75;   22.5;   11.4;    9.2;eor
        400;20250603;-999;-999;-999;    1;   0.0;   0;-999;-999;  -999;  11.3;    -999;   17.9;   59.58;   25.2;    9.7;    7.6;eor
        400;20250604;-999;-999;-999;    1;   0.2;   4;-999;-999;  -999;  15.2;    -999;   19.5;   68.46;   25.7;   12.6;    9.8;eor
        400;20250605;-999;-999;-999;    1;   1.4;   4;-999;-999;  -999;  14.8;    -999;   18.0;   71.63;   21.3;   12.7;    9.4;eor
        400;20250606;-999;-999;-999;    1;   0.2;   4;-999;-999;  -999;  12.5;    -999;   17.6;   63.38;   22.1;   12.1;    9.3;eor
        400;20250607;-999;-999;-999;    1;  12.3;   4;-999;-999;  -999;  13.9;    -999;   16.3;   76.46;   23.7;   11.3;    8.0;eor
        400;20250608;-999;-999;-999;    1;   3.7;   4;-999;-999;  -999;  12.8;    -999;   14.2;   79.42;   19.2;   11.0;    8.8;eor
        400;20250609;-999;-999;-999;    1;   0.0;   4;-999;-999;  -999;  10.4;    -999;   13.4;   69.58;   18.8;    8.6;    6.8;eor
        400;20250610;-999;-999;-999;    1;   1.6;   4;-999;-999;  -999;  12.4;    -999;   14.2;   77.54;   18.8;    8.7;    6.7;eor
        400;20250611;-999;-999;-999;    1;   0.0;   0;-999;-999;  -999;  11.1;    -999;   15.4;   65.58;   20.9;    8.7;    6.5;eor
        400;20250612;-999;-999;-999;    1;   0.0;   0;-999;-999;  -999;   9.6;    -999;   16.4;   56.00;   23.6;    6.8;    4.7;eor
        400;20250613;-999;-999;-999;    1;   0.0;   0;-999;-999;  -999;   9.5;    -999;   18.0;   48.21;   25.0;   11.1;    7.8;eor
        400;20250614;-999;-999;-999;    1;   0.0;   0;-999;-999;  -999;  12.6;    -999;   21.6;   51.63;   29.1;   13.1;    9.7;eor
        400;20250615;-999;-999;-999;    1;   0.1;   4;-999;-999;  -999;  15.1;    -999;   22.3;   59.13;   31.7;   15.3;   12.6;eor
        400;20250616;-999;-999;-999;    1;   0.0;   0;-999;-999;  -999;  13.7;    -999;   17.9;   68.00;   22.7;   14.0;   10.7;eor
        400;20250617;-999;-999;-999;    1;   0.0;   0;-999;-999;  -999;  13.5;    -999;   18.9;   65.00;   27.0;   12.0;    8.6;eor
        400;20250618;-999;-999;-999;    1;   0.0;   0;-999;-999;  -999;  14.7;    -999;   21.1;   61.00;   26.7;   13.7;   11.6;eor
        400;20250619;-999;-999;-999;    1;   0.0;   0;-999;-999;  -999;  11.2;    -999;   17.6;   57.25;   22.7;    9.5;    7.0;eor
        400;20250620;-999;-999;-999;    1;   0.0;   0;-999;-999;  -999;  10.1;    -999;   16.4;   58.38;   23.8;    8.0;    5.6;eor
        400;20250621;-999;-999;-999;    1;   0.0;   0;-999;-999;  -999;  10.7;    -999;   19.9;   52.08;   29.0;    8.4;    6.3;eor
        400;20250622;-999;-999;-999;    1;   1.4;   4;-999;-999;  -999;  11.5;    -999;   24.7;   42.92;   33.9;   12.6;   10.4;eor
        400;20250623;-999;-999;-999;    1;   3.0;   4;-999;-999;  -999;  13.8;    -999;   20.7;   57.54;   26.8;   14.2;   12.1;eor
        400;20250624;-999;-999;-999;    1;   0.6;   4;-999;-999;  -999;  11.7;    -999;   17.7;   57.71;   22.3;   13.7;   11.9;eor
        400;20250625;-999;-999;-999;    1;   0.2;   4;-999;-999;  -999;  16.2;    -999;   19.9;   70.92;   25.3;   13.2;   10.6;eor
        400;20250626;-999;-999;-999;    1;   8.8;   4;-999;-999;  -999;  16.6;    -999;   21.0;   69.75;   32.7;   11.9;    9.0;eor
        400;20250627;-999;-999;-999;    1;   0.9;   4;-999;-999;  -999;  15.4;    -999;   18.3;   73.38;   21.9;   13.4;   10.6;eor
        400;20250628;-999;-999;-999;    1;   0.0;   0;-999;-999;  -999;  16.9;    -999;   21.5;   67.08;   28.9;   11.8;    9.5;eor
        400;20250629;-999;-999;-999;    1;   0.0;   0;-999;-999;  -999;  17.1;    -999;   23.0;   60.50;   28.0;   15.5;   12.6;eor
        400;20250630;-999;-999;-999;    1;   0.0;   0;-999;-999;  -999;  10.7;    -999;   19.2;   52.21;   26.8;   10.8;    8.0;eor
        400;20250701;-999;-999;-999;    1;   0.0;   0;-999;-999;  -999;  11.6;    -999;   23.2;   46.29;   32.9;   12.2;    9.4;eor
        400;20250702;-999;-999;-999;    1;   0.1;   4;-999;-999;  -999;  11.9;    -999;   27.9;   35.92;   37.6;   16.2;   12.5;eor
        400;20250703;-999;-999;-999;    1;   0.6;   4;-999;-999;  -999;  14.3;    -999;   20.8;   58.96;   25.2;   11.6;    8.9;eor
        400;20250704;-999;-999;-999;    1;   0.0;   0;-999;-999;  -999;  10.4;    -999;   17.2;   57.00;   24.0;    9.5;    7.2;eor
        400;20250705;-999;-999;-999;    1;   0.0;   0;-999;-999;  -999;  10.1;    -999;   20.7;   45.04;   28.2;   10.3;    7.2;eor
        400;20250706;-999;-999;-999;    1;   0.0;   4;-999;-999;  -999;  11.5;    -999;   22.2;   44.75;   29.7;   14.9;   12.0;eor
        400;20250707;-999;-999;-999;    1;   2.0;   4;-999;-999;  -999;  15.3;    -999;   18.9;   71.04;   23.9;   15.8;   14.3;eor
        400;20250708;-999;-999;-999;    1;   0.9;   4;-999;-999;  -999;  12.6;    -999;   16.9;   67.00;   22.1;   13.4;   12.7;eor
        400;20250709;-999;-999;-999;    1;   2.3;   4;-999;-999;  -999;  15.0;    -999;   16.9;   78.50;   20.7;   14.4;   13.8;eor
        400;20250710;-999;-999;-999;    1;   2.5;   4;-999;-999;  -999;  15.2;    -999;   16.9;   79.21;   21.1;   12.2;    9.7;eor
        400;20250711;-999;-999;-999;    1;   8.5;   4;-999;-999;  -999;  14.3;    -999;   16.3;   78.67;   24.0;   10.0;    8.0;eor
        400;20250712;-999;-999;-999;    1;  35.0;   4;-999;-999;  -999;  17.3;    -999;   15.9;   95.33;   18.0;   14.1;   13.9;eor
        400;20250713;-999;-999;-999;    1;   4.8;   4;-999;-999;  -999;  18.5;    -999;   18.0;   90.00;   22.6;   15.8;   15.1;eor
        400;20250714;-999;-999;-999;    1;   0.0;   0;-999;-999;  -999;  17.7;    -999;   20.8;   75.00;   27.2;   14.7;   13.2;eor
        400;20250715;-999;-999;-999;    1;   4.5;   4;-999;-999;  -999;  17.3;    -999;   17.9;   84.21;   22.3;   13.9;   11.9;eor
        400;20250716;-999;-999;-999;    1;   0.2;   4;-999;-999;  -999;  14.2;    -999;   16.0;   79.63;   23.0;   12.2;   10.2;eor
        400;20250717;-999;-999;-999;    1;  15.6;   4;-999;-999;  -999;  16.7;    -999;   15.8;   92.58;   17.9;   11.9;    9.8;eor
        400;20250718;-999;-999;-999;    1;   0.0;   0;-999;-999;  -999;  17.8;    -999;   19.6;   79.42;   24.7;   16.0;   15.3;eor
        400;20250719;-999;-999;-999;    1;   0.0;   0;-999;-999;  -999;  17.4;    -999;   21.8;   69.71;   28.7;   14.2;   12.9;eor
        400;20250720;-999;-999;-999;    1;   0.8;   4;-999;-999;  -999;  18.4;    -999;   24.1;   64.08;   31.1;   15.9;   14.1;eor
        400;20250721;-999;-999;-999;    1;  42.9;   4;-999;-999;  -999;  19.8;    -999;   19.4;   88.25;   23.6;   14.8;   14.7;eor
        400;20250722;-999;-999;-999;    1;  14.2;   4;-999;-999;  -999;  17.0;    -999;   17.0;   87.88;   22.8;   14.5;   14.1;eor
        400;20250723;-999;-999;-999;    1;  20.2;   4;-999;-999;  -999;  17.9;    -999;   17.1;   91.96;   18.4;   16.0;   15.5;eor
        400;20250724;-999;-999;-999;    1;   6.8;   4;-999;-999;  -999;  18.5;    -999;   19.1;   84.38;   23.4;   16.3;   15.1;eor
        400;20250725;-999;-999;-999;    1;   0.0;   0;-999;-999;  -999;  20.0;    -999;   19.7;   87.67;   24.4;   16.1;   14.9;eor
        400;20250726;-999;-999;-999;    1;   0.0;   0;-999;-999;  -999;  17.4;    -999;   18.5;   82.00;   21.8;   14.3;   13.1;eor
        400;20250727;-999;-999;-999;    1;   0.0;   0;-999;-999;  -999;  16.4;    -999;   20.3;   71.58;   25.9;   14.3;   13.7;eor
