STATIONS_ID,MESS_DATUM,QN_3,FX,FM,QN_4,RSK,RSKF,SDK,SHK_TAG,NM,VPM,PM,TMK,UPM,TXK,TNK,TGK,eor,Ozon,PM₁₀,NO₂,"PM₂,₅"
400,2024-01-01,-999,-999.0,-999.0,10,0.8,4,-999.0,0,-999.0,7.8,-999,6.1,83.0,7.8,2.9,-0.6,eor,35.1,37.7,14.1,30.7
400,2024-01-02,-999,-999.0,-999.0,10,11.2,4,-999.0,0,-999.0,8.0,-999,4.7,93.0,7.6,2.5,-0.1,eor,37.3,11.9,8.8,8.5
400,2024-01-03,-999,-999.0,-999.0,10,3.1,4,-999.0,0,-999.0,9.6,-999,9.4,81.0,11.0,7.7,6.0,eor,51.5,6.7,9.0,4.5
400,2024-01-04,-999,-999.0,-999.0,10,2.0,4,-999.0,0,-999.0,7.1,-999,3.8,87.0,9.0,-0.1,-1.4,eor,41.6,4.7,5.5,3.0
400,2024-01-05,-999,-999.0,-999.0,10,3.1,4,-999.0,0,-999.0,5.6,-999,0.1,92.0,0.5,-0.6,-0.7,eor,39.8,6.8,5.2,4.9
400,2024-01-06,-999,-999.0,-999.0,10,0.3,4,-999.0,1,-999.0,5.1,-999,-0.7,87.0,0.2,-1.8,-2.1,eor,46.7,18.4,4.2,15.6
400,2024-01-07,-999,-999.0,-999.0,10,0.1,4,-999.0,1,-999.0,3.8,-999,-2.7,74.0,-0.7,-8.1,-9.1,eor,63.7,12.2,2.3,10.1
400,2024-01-08,-999,-999.0,-999.0,10,0.0,0,-999.0,1,-999.0,2.5,-999,-7.7,75.0,-4.5,-10.6,-12.9,eor,38.7,11.3,10.3,9.2
400,2024-01-09,-999,-999.0,-999.0,10,0.0,0,-999.0,1,-999.0,2.5,-999,-8.7,80.0,-4.1,-12.2,-13.9,eor,26.8,16.3,17.0,13.4
400,2024-01-10,-999,-999.0,-999.0,10,0.0,0,-999.0,1,-999.0,2.7,-999,-7.3,78.0,-1.8,-10.9,-12.5,eor,14.0,33.4,24.4,28.3
400,2024-01-11,-999,-999.0,-999.0,10,0.1,4,-999.0,1,-999.0,5.0,-999,-2.5,97.0,0.2,-8.1,-7.9,eor,32.8,25.2,13.0,21.5
400,2024-01-12,-999,-999.0,-999.0,10,0.2,4,-999.0,1,-999.0,5.8,-999,-0.2,97.0,1.1,-1.2,-1.2,eor,36.0,13.5,10.3,10.1
400,2024-01-13,-999,-999.0,-999.0,10,2.3,4,-999.0,1,-999.0,6.5,-999,1.9,93.0,2.9,1.1,0.5,eor,51.6,12.3,4.8,9.4
400,2024-01-14,-999,-999.0,-999.0,10,0.4,4,-999.0,0,-999.0,6.3,-999,2.3,87.0,3.0,1.6,0.7,eor,57.1,6.9,4.7,5.0
400,2024-01-15,-999,-999.0,-999.0,10,1.2,4,-999.0,0,-999.0,5.3,-999,1.1,80.0,2.7,-1.1,-2.4,eor,58.2,8.4,4.6,6.3
400,2024-01-16,-999,-999.0,-999.0,10,0.3,4,-999.0,1,-999.0,5.0,-999,-1.0,87.0,0.6,-3.9,-11.5,eor,48.2,7.5,13.7,5.2
400,2024-01-17,-999,-999.0,-999.0,10,0.3,4,-999.0,1,-999.0,4.4,-999,-2.2,84.0,0.0,-5.0,-10.0,eor,36.4,14.6,20.2,11.4
400,2024-01-18,-999,-999.0,-999.0,10,0.0,0,-999.0,1,-999.0,4.5,-999,-2.3,87.0,-0.4,-4.1,-8.7,eor,18.5,21.8,27.2,18.1
400,2024-01-19,-999,-999.0,-999.0,10,0.0,0,-999.0,1,-999.0,4.6,-999,-0.6,78.0,1.9,-4.5,-9.1,eor,42.8,20.7,16.1,16.7
400,2024-01-20,-999,-999.0,-999.0,10,0.0,0,-999.0,1,-999.0,5.0,-999,0.7,77.0,3.0,-3.1,-7.4,eor,49.2,15.6,12.4,12.1
400,2024-01-21,-999,-999.0,-999.0,10,0.1,4,-999.0,1,-999.0,3.7,-999,-0.1,61.0,3.2,-4.5,-8.1,eor,49.2,15.5,16.0,12.2
400,2024-01-22,-999,-999.0,-999.0,10,4.5,4,-999.0,0,-999.0,7.7,-999,6.5,79.0,9.8,2.5,0.7,eor,54.3,10.5,9.9,7.8
400,2024-01-23,-999,-999.0,-999.0,10,4.5,4,-999.0,0,-999.0,7.1,-999,6.0,76.0,8.0,4.0,0.0,eor,57.8,8.7,9.4,5.9
400,2024-01-24,-999,-999.0,-999.0,10,5.4,4,-999.0,0,-999.0,8.8,-999,8.6,79.0,11.0,4.7,3.8,eor,64.4,11.0,5.0,7.3
400,2024-01-25,-999,-999.0,-999.0,10,0.0,0,-999.0,0,-999.0,7.3,-999,7.1,73.0,8.5,2.9,-1.2,eor,72.0,11.8,3.5,7.5
400,2024-01-26,-999,-999.0,-999.0,10,4.2,4,-999.0,0,-999.0,7.5,-999,4.7,87.0,9.3,-0.2,-2.9,eor,36.8,15.5,15.6,10.2
400,2024-01-27,-999,-999.0,-999.0,10,0.0,0,-999.0,0,-999.0,6.8,-999,4.9,79.0,6.7,1.9,-2.1,eor,55.2,13.2,7.9,8.6
400,2024-01-28,-999,-999.0,-999.0,10,0.0,0,-999.0,0,-999.0,5.9,-999,2.0,84.0,7.4,-2.1,-4.6,eor,28.1,16.5,14.1,10.9
400,2024-01-29,-999,-999.0,-999.0,10,0.0,0,-999.0,0,-999.0,5.3,-999,3.1,71.0,9.5,-0.6,-3.5,eor,29.1,15.0,23.8,10.6
400,2024-01-30,-999,-999.0,-999.0,10,0.0,0,-999.0,0,-999.0,6.3,-999,4.3,75.0,8.7,-0.5,-3.3,eor,9.2,18.7,35.0,12.9
400,2024-01-31,-999,-999.0,-999.0,10,1.1,4,-999.0,0,-999.0,6.9,-999,5.8,74.0,8.8,4.2,3.8,eor,57.5,16.0,8.0,10.9
400,2024-02-01,-999,-999.0,-999.0,10,0.3,4,-999.0,0,-999.0,7.1,-999,6.0,76.0,7.9,4.3,2.9,eor,56.8,10.1,6.0,7.2
400,2024-02-02,-999,-999.0,-999.0,10,0.2,4,-999.0,0,-999.0,7.6,-999,6.0,81.0,8.1,4.0,2.3,eor,50.0,14.7,8.7,10.0
400,2024-02-03,-999,-999.0,-999.0,10,2.8,4,-999.0,0,-999.0,10.3,-999,9.3,88.0,10.7,7.1,5.0,eor,52.1,12.7,4.5,9.6
400,2024-02-04,-999,-999.0,-999.0,10,11.4,4,-999.0,0,-999.0,7.9,-999,7.2,78.0,8.2,5.8,4.1,eor,65.0,9.5,4.1,6.5
400,2024-02-05,-999,-999.0,-999.0,10,5.0,4,-999.0,0,-999.0,10.1,-999,9.2,87.0,10.0,6.7,6.3,eor,55.7,7.9,4.7,5.1
400,2024-02-06,-999,-999.0,-999.0,10,9.1,4,-999.0,0,-999.0,9.3,-999,9.9,76.0,11.6,8.3,7.6,eor,58.2,13.2,5.1,8.8
400,2024-02-07,-999,-999.0,-999.0,10,0.0,4,-999.0,0,-999.0,6.4,-999,4.0,78.0,9.3,-1.3,-4.4,eor,61.6,7.5,8.6,4.7
400,2024-02-08,-999,-999.0,-999.0,10,3.0,4,-999.0,0,-999.0,5.9,-999,0.7,92.0,4.2,-1.9,-4.6,eor,21.0,13.9,22.0,8.8
400,2024-02-09,-999,-999.0,-999.0,10,6.1,4,-999.0,0,-999.0,7.3,-999,2.9,96.0,6.5,0.7,0.2,eor,42.1,13.2,8.5,9.3
400,2024-02-10,-999,-999.0,-999.0,10,4.8,4,-999.0,0,-999.0,11.0,-999,9.2,94.0,12.9,6.1,5.1,eor,22.8,15.6,11.4,11.3
400,2024-02-11,-999,-999.0,-999.0,10,8.2,4,-999.0,0,-999.0,10.1,-999,7.7,96.0,9.3,6.0,5.7,eor,22.8,22.2,7.0,17.4
400,2024-02-12,-999,-999.0,-999.0,10,0.7,4,-999.0,0,-999.0,8.7,-999,6.5,90.0,8.5,4.0,2.0,eor,33.5,15.1,11.1,11.8
400,2024-02-13,-999,-999.0,-999.0,10,0.0,0,-999.0,0,-999.0,7.2,-999,5.5,80.0,9.2,1.1,-2.3,eor,41.7,12.9,13.6,9.2
400,2024-02-14,-999,-999.0,-999.0,10,3.6,4,-999.0,0,-999.0,8.6,-999,5.8,91.0,9.7,0.9,-2.5,eor,25.7,13.7,19.8,9.8
400,2024-02-15,-999,-999.0,-999.0,10,0.2,4,-999.0,0,-999.0,12.1,-999,10.9,93.0,13.2,8.9,5.7,eor,19.3,12.1,18.7,8.3
400,2024-02-16,-999,-999.0,-999.0,10,2.8,4,-999.0,0,-999.0,11.3,-999,11.7,83.0,16.1,7.8,5.0,eor,26.2,13.8,14.9,9.4
400,2024-02-17,-999,-999.0,-999.0,10,0.0,0,-999.0,0,-999.0,8.9,-999,8.6,78.0,11.6,5.9,5.2,eor,55.0,11.9,3.0,7.9
400,2024-02-18,-999,-999.0,-999.0,10,4.7,4,-999.0,0,-999.0,7.7,-999,6.8,78.0,9.8,1.4,-1.2,eor,48.6,9.3,6.6,6.0
400,2024-02-19,-999,-999.0,-999.0,10,3.2,4,-999.0,0,-999.0,9.7,-999,7.7,92.0,8.9,6.0,5.5,eor,50.9,9.0,6.2,6.4
400,2024-02-20,-999,-999.0,-999.0,10,2.6,4,-999.0,0,-999.0,9.0,-999,7.9,84.0,8.8,6.7,6.1,eor,51.4,8.5,7.9,5.7
400,2024-02-21,-999,-999.0,-999.0,10,0.0,0,-999.0,0,-999.0,8.9,-999,8.5,80.0,11.4,6.9,4.0,eor,42.5,15.8,13.6,11.0
400,2024-02-22,-999,-999.0,-999.0,10,4.9,4,-999.0,0,-999.0,10.1,-999,9.5,84.0,11.2,7.9,6.1,eor,47.5,11.1,11.2,7.7
400,2024-02-23,-999,-999.0,-999.0,10,0.0,0,-999.0,0,-999.0,7.0,-999,8.0,65.0,11.5,2.8,-0.5,eor,63.6,5.3,8.5,3.2
400,2024-02-24,-999,-999.0,-999.0,10,0.0,0,-999.0,0,-999.0,6.4,-999,5.7,72.0,10.9,-0.3,-3.3,eor,41.8,9.0,11.0,6.0
400,2024-02-25,-999,-999.0,-999.0,10,0.1,4,-999.0,0,-999.0,6.5,-999,5.5,75.0,12.6,0.9,-2.9,eor,45.3,8.4,12.0,6.1
400,2024-02-26,-999,-999.0,-999.0,10,0.0,0,-999.0,0,-999.0,7.0,-999,5.3,79.0,11.9,-1.3,-3.8,eor,34.1,15.9,10.5,12.5
400,2024-02-27,-999,-999.0,-999.0,10,0.0,0,-999.0,0,-999.0,7.4,-999,4.4,88.0,7.0,2.5,0.8,eor,56.6,14.5,4.5,11.8
400,2024-02-28,-999,-999.0,-999.0,10,0.0,0,-999.0,0,-999.0,6.5,-999,2.4,89.0,4.6,-0.4,-3.5,eor,45.0,14.5,8.5,11.7
400,2024-02-29,-999,-999.0,-999.0,10,0.0,0,-999.0,0,-999.0,6.7,-999,4.4,80.0,10.0,-1.6,-4.2,eor,36.3,19.0,11.4,15.4
400,2024-03-01,-999,-999.0,-999.0,10,0.2,4,-999.0,0,-999.0,9.4,-999,7.7,90.0,10.4,5.2,2.8,eor,21.3,29.1,14.2,23.6
400,2024-03-02,-999,-999.0,-999.0,10,0.0,4,-999.0,0,-999.0,10.1,-999,9.4,86.0,13.7,5.9,4.8,eor,20.0,39.5,12.5,30.5
400,2024-03-03,-999,-999.0,-999.0,10,0.0,0,-999.0,0,-999.0,10.3,-999,10.7,81.0,14.2,7.1,3.9,eor,34.4,33.6,6.5,26.5
400,2024-03-04,-999,-999.0,-999.0,10,0.0,0,-999.0,0,-999.0,9.3,-999,9.0,82.0,12.8,5.9,2.9,eor,36.9,33.0,7.4,26.2
400,2024-03-05,-999,-999.0,-999.0,10,0.0,0,-999.0,0,-999.0,6.2,-999,4.5,74.0,8.3,1.2,-1.7,eor,48.5,34.0,6.7,25.7
400,2024-03-06,-999,-999.0,-999.0,10,0.0,0,-999.0,0,-999.0,6.7,-999,4.3,81.0,8.5,-1.5,-4.1,eor,30.5,24.2,6.5,18.2
400,2024-03-07,-999,-999.0,-999.0,10,0.0,0,-999.0,0,-999.0,5.8,-999,4.4,71.0,8.3,-0.9,-5.1,eor,48.0,31.7,8.1,24.8
400,2024-03-08,-999,-999.0,-999.0,10,0.0,0,-999.0,0,-999.0,5.0,-999,3.3,66.0,8.8,-2.6,-6.0,eor,52.5,26.2,8.5,20.5
400,2024-03-09,-999,-999.0,-999.0,10,0.0,0,-999.0,0,-999.0,6.4,-999,5.8,70.0,10.4,0.4,-1.8,eor,51.7,27.8,7.3,22.8
400,2024-03-10,-999,-999.0,-999.0,10,0.0,0,-999.0,0,-999.0,7.8,-999,8.5,70.0,12.7,3.7,1.3,eor,54.2,26.7,5.2,22.7
400,2024-03-11,-999,-999.0,-999.0,10,0.0,0,-999.0,0,-999.0,9.0,-999,9.5,76.0,14.0,2.9,-0.8,eor,46.9,22.7,9.2,18.6
400,2024-03-12,-999,-999.0,-999.0,10,0.0,0,-999.0,0,-999.0,8.3,-999,8.7,75.0,14.3,1.8,-1.4,eor,31.3,20.8,15.4,15.1
400,2024-03-13,-999,-999.0,-999.0,10,0.6,4,-999.0,0,-999.0,8.4,-999,9.7,71.0,14.6,4.1,0.0,eor,37.6,21.5,15.5,15.7
400,2024-03-14,-999,-999.0,-999.0,10,0.0,0,-999.0,0,-999.0,10.6,-999,10.8,83.0,15.9,7.2,2.5,eor,29.8,20.0,16.5,15.0
400,2024-03-15,-999,-999.0,-999.0,10,0.4,4,-999.0,0,-999.0,10.8,-999,12.2,78.0,18.6,6.8,3.0,eor,29.4,16.9,16.7,12.4
400,2024-03-16,-999,-999.0,-999.0,10,1.7,4,-999.0,0,-999.0,9.1,-999,9.5,75.0,13.8,3.8,0.5,eor,59.8,12.5,7.9,8.5
400,2024-03-17,-999,-999.0,-999.0,10,0.0,0,-999.0,0,-999.0,5.8,-999,4.5,70.0,9.3,-0.8,-3.9,eor,66.3,10.2,3.9,6.1
400,2024-03-18,-999,-999.0,-999.0,10,0.0,0,-999.0,0,-999.0,4.7,-999,2.0,69.0,7.5,-2.8,-6.2,eor,57.2,7.2,5.2,4.7
400,2024-03-19,-999,-999.0,-999.0,10,0.0,0,-999.0,0,-999.0,5.0,-999,3.8,64.0,10.2,-3.5,-7.1,eor,47.9,10.9,10.5,8.2
400,2024-03-20,-999,-999.0,-999.0,10,0.9,4,-999.0,0,-999.0,7.2,-999,10.2,59.0,17.4,2.8,-1.3,eor,48.7,20.4,21.1,14.2
400,2024-03-21,-999,-999.0,-999.0,10,5.6,4,-999.0,0,-999.0,10.5,-999,10.3,84.0,14.8,6.7,5.3,eor,40.9,23.2,17.9,14.6
400,2024-03-22,-999,-999.0,-999.0,10,10.5,4,-999.0,0,-999.0,10.1,-999,9.5,85.0,12.7,6.9,6.3,eor,38.4,16.4,14.6,12.5
400,2024-03-23,-999,-999.0,-999.0,10,12.6,4,-999.0,0,-999.0,8.1,-999,5.6,89.0,8.1,3.2,1.1,eor,66.3,13.6,6.0,9.9
400,2024-03-24,-999,-999.0,-999.0,10,4.7,4,-999.0,0,-999.0,7.3,-999,5.0,84.0,8.2,1.9,-0.6,eor,55.4,8.3,8.0,5.9
400,2024-03-25,-999,-999.0,-999.0,10,2.5,4,-999.0,0,-999.0,7.7,-999,5.5,86.0,9.9,1.0,-2.2,eor,50.8,8.1,8.2,6.0
400,2024-03-26,-999,-999.0,-999.0,10,0.0,0,-999.0,0,-999.0,6.9,-999,7.5,69.0,13.7,0.6,-2.7,eor,44.0,12.4,11.2,8.8
400,2024-03-27,-999,-999.0,-999.0,10,0.0,0,-999.0,0,-999.0,8.2,-999,11.8,59.0,18.4,5.8,1.5,eor,58.5,13.5,9.2,8.1
400,2024-03-28,-999,-999.0,-999.0,10,0.3,4,-999.0,0,-999.0,8.6,-999,10.3,69.0,14.5,7.9,5.1,eor,58.0,16.1,9.0,9.6
400,2024-03-29,-999,-999.0,-999.0,10,0.1,4,-999.0,0,-999.0,8.8,-999,10.8,68.0,16.0,5.1,1.2,eor,69.3,7.1,7.8,4.0
400,2024-03-30,-999,-999.0,-999.0,10,0.0,0,-999.0,0,-999.0,10.8,-999,14.7,68.0,22.8,6.7,3.7,eor,41.7,24.8,11.3,10.7
400,2024-03-31,-999,-999.0,-999.0,10,0.0,0,-999.0,0,-999.0,11.4,-999,13.8,74.0,20.4,9.1,6.3,eor,43.8,109.7,15.3,49.3
400,2024-04-01,-999,-999.0,-999.0,10,0.0,0,-999.0,0,-999.0,11.1,-999,13.3,75.0,20.4,7.5,4.6,eor,44.2,69.6,7.0,36.9
400,2024-04-02,-999,-999.0,-999.0,10,1.6,4,-999.0,0,-999.0,9.1,-999,11.3,68.0,14.8,9.1,7.1,eor,70.9,21.9,5.1,12.2
400,2024-04-03,-999,-999.0,-999.0,10,3.8,4,-999.0,0,-999.0,10.7,-999,9.9,87.0,11.6,7.6,7.3,eor,58.3,9.5,6.9,6.1
400,2024-04-04,-999,-999.0,-999.0,10,7.4,4,-999.0,0,-999.0,11.3,-999,11.6,83.0,15.0,8.7,6.1,eor,50.8,11.2,10.5,8.0
400,2024-04-05,-999,-999.0,-999.0,10,0.5,4,-999.0,0,-999.0,-999.0,-999,14.4,-999.0,18.5,10.5,8.5,eor,62.5,8.8,7.6,5.4
400,2024-04-06,-999,-999.0,-999.0,10,0.0,0,-999.0,0,-999.0,-999.0,-999,16.9,-999.0,23.0,12.0,9.7,eor,59.0,9.8,8.6,5.6
400,2024-04-07,-999,-999.0,-999.0,10,0.0,0,-999.0,0,-999.0,-999.0,-999,18.5,-999.0,23.1,13.8,9.9,eor,68.8,12.0,8.3,7.0
400,2024-04-08,-999,-999.0,-999.0,10,0.0,0,-999.0,0,-999.0,-999.0,-999,19.6,-999.0,26.9,13.4,10.4,eor,56.2,20.7,12.2,10.0
400,2024-04-09,-999,-999.0,-999.0,10,0.6,4,-999.0,0,-999.0,13.6,-999,17.6,69.0,26.9,11.5,9.5,eor,56.5,31.0,8.9,13.4
400,2024-04-10,-999,-999.0,-999.0,10,0.0,0,-999.0,0,-999.0,8.8,-999,11.2,67.0,14.3,5.4,1.9,eor,64.9,18.2,6.3,7.2
400,2024-04-11,-999,-999.0,-999.0,10,0.0,0,-999.0,0,-999.0,8.7,-999,11.9,65.0,16.6,3.6,0.4,eor,46.8,12.0,17.2,6.7
400,2024-04-12,-999,-999.0,-999.0,10,0.0,0,-999.0,0,-999.0,12.7,-999,15.7,71.0,19.4,12.9,10.5,eor,45.3,13.9,10.4,6.8
400,2024-04-13,-999,-999.0,-999.0,10,0.0,0,-999.0,0,-999.0,13.2,-999,17.5,67.0,22.1,12.1,8.7,eor,48.9,14.6,8.2,8.5
400,2024-04-14,-999,-999.0,-999.0,10,0.0,0,-999.0,0,-999.0,9.0,-999,14.2,55.0,17.5,6.6,3.3,eor,70.8,13.1,4.9,6.8
400,2024-04-15,-999,-999.0,-999.0,10,4.0,4,-999.0,0,-999.0,8.4,-999,9.8,70.0,14.5,5.2,3.3,eor,64.1,12.3,8.3,6.5
400,2024-04-16,-999,-999.0,-999.0,10,1.5,4,-999.0,0,-999.0,7.6,-999,6.3,80.0,9.9,2.8,0.8,eor,69.8,10.7,4.5,6.5
400,2024-04-17,-999,-999.0,-999.0,10,0.9,4,-999.0,0,-999.0,6.8,-999,5.1,79.0,12.2,0.1,-1.3,eor,58.4,6.8,5.2,4.3
400,2024-04-18,-999,-999.0,-999.0,10,0.0,0,-999.0,0,-999.0,6.1,-999,6.4,67.0,12.4,-0.6,-2.7,eor,57.2,6.0,5.3,3.7
400,2024-04-19,-999,-999.0,-999.0,10,10.1,4,-999.0,0,-999.0,8.2,-999,5.9,89.0,8.4,3.6,0.8,eor,50.8,7.3,10.4,4.5
400,2024-04-20,-999,-999.0,-999.0,10,0.2,4,-999.0,0,-999.0,6.5,-999,5.4,73.0,10.0,-1.0,-2.6,eor,66.6,7.4,2.9,4.4
400,2024-04-21,-999,-999.0,-999.0,10,0.0,4,-999.0,0,-999.0,5.1,-999,3.4,68.0,9.8,-2.1,-4.4,eor,62.9,9.5,3.2,6.5
400,2024-04-22,-999,-999.0,-999.0,10,0.7,4,-999.0,0,-999.0,5.6,-999,2.3,79.0,7.3,-2.8,-5.3,eor,70.0,7.6,3.8,5.0
400,2024-04-23,-999,-999.0,-999.0,10,0.0,0,-999.0,0,-999.0,5.4,-999,4.7,67.0,9.9,-1.7,-4.1,eor,59.0,8.9,9.8,6.4
400,2024-04-24,-999,-999.0,-999.0,10,0.3,4,-999.0,0,-999.0,6.6,-999,6.5,69.0,10.6,2.2,-0.7,eor,62.2,12.2,8.8,8.8
400,2024-04-25,-999,-999.0,-999.0,10,1.3,4,-999.0,0,-999.0,7.2,-999,5.5,81.0,11.4,1.3,-1.3,eor,49.0,17.2,11.5,13.6
400,2024-04-26,-999,-999.0,-999.0,10,0.0,0,-999.0,0,-999.0,7.1,-999,9.2,65.0,16.1,1.5,-0.9,eor,57.6,11.7,10.4,8.1
400,2024-04-27,-999,-999.0,-999.0,10,0.0,0,-999.0,0,-999.0,8.3,-999,12.4,61.0,21.6,2.0,-0.7,eor,60.2,12.8,9.0,8.1
400,2024-04-28,-999,-999.0,-999.0,10,0.0,0,-999.0,0,-999.0,10.2,-999,16.2,57.0,24.1,8.1,3.2,eor,71.3,12.3,6.5,8.2
400,2024-04-29,-999,-999.0,-999.0,10,0.0,0,-999.0,0,-999.0,11.2,-999,16.6,59.0,22.1,11.5,8.5,eor,68.1,9.5,7.8,4.8
400,2024-04-30,-999,-999.0,-999.0,10,0.0,0,-999.0,0,-999.0,11.6,-999,19.3,55.0,29.0,10.0,7.5,eor,80.5,11.7,6.3,5.4
400,2024-05-01,-999,-999.0,-999.0,10,0.0,0,-999.0,-999,-999.0,11.4,-999,21.0,47.0,26.7,15.4,10.4,eor,83.2,22.8,4.8,9.8
400,2024-05-02,-999,-999.0,-999.0,10,0.0,0,-999.0,-999,-999.0,12.0,-999,20.4,51.0,26.3,14.1,10.6,eor,79.8,20.8,4.2,8.1
400,2024-05-03,-999,-999.0,-999.0,10,2.9,4,-999.0,-999,-999.0,13.7,-999,18.6,66.0,24.6,13.1,9.3,eor,66.3,20.9,6.0,8.8
400,2024-05-04,-999,-999.0,-999.0,10,0.9,4,-999.0,-999,-999.0,13.3,-999,15.6,76.0,20.9,11.7,10.6,eor,46.2,15.8,5.1,9.1
400,2024-05-05,-999,-999.0,-999.0,10,0.2,4,-999.0,-999,-999.0,12.7,-999,15.7,73.0,21.2,9.1,5.7,eor,46.5,18.4,5.1,12.3
400,2024-05-06,-999,-999.0,-999.0,10,0.0,0,-999.0,-999,-999.0,9.8,-999,13.5,66.0,19.7,7.4,3.9,eor,71.9,11.5,5.8,6.3
400,2024-05-07,-999,-999.0,-999.0,10,0.0,0,-999.0,-999,-999.0,9.6,-999,11.7,71.0,16.9,7.6,4.3,eor,60.7,7.8,2.5,4.4
400,2024-05-08,-999,-999.0,-999.0,10,0.0,0,-999.0,-999,-999.0,7.9,-999,12.7,57.0,19.2,6.4,2.8,eor,71.6,10.5,4.2,6.0
400,2024-05-09,-999,-999.0,-999.0,10,0.0,0,-999.0,-999,-999.0,8.3,-999,13.0,60.0,21.1,3.5,0.4,eor,72.3,11.0,3.2,6.1
400,2024-05-10,-999,-999.0,-999.0,10,0.0,0,-999.0,-999,-999.0,10.9,-999,15.8,63.0,23.5,9.0,7.4,eor,64.1,12.1,6.3,7.8
400,2024-05-11,-999,-999.0,-999.0,10,0.0,0,-999.0,-999,-999.0,11.8,-999,14.4,74.0,20.2,9.0,5.6,eor,55.8,14.6,3.8,10.5
400,2024-05-12,-999,-999.0,-999.0,10,0.0,0,-999.0,-999,-999.0,8.3,-999,15.0,52.0,21.1,8.0,4.0,eor,61.0,10.6,2.9,7.4
400,2024-05-13,-999,-999.0,-999.0,10,0.0,0,-999.0,-999,-999.0,7.6,-999,17.2,41.0,24.7,8.8,3.7,eor,79.1,9.5,4.6,4.2
400,2024-05-14,-999,-999.0,-999.0,10,0.0,0,-999.0,-999,-999.0,7.9,-999,18.8,38.0,25.8,9.8,4.9,eor,86.3,13.7,5.5,5.0
400,2024-05-15,-999,-999.0,-999.0,10,0.0,0,-999.0,-999,-999.0,8.8,-999,19.8,39.0,26.0,13.3,9.0,eor,79.4,17.6,4.9,5.1
400,2024-05-16,-999,-999.0,-999.0,10,0.0,0,-999.0,-999,-999.0,9.1,-999,19.5,41.0,26.6,12.5,9.4,eor,82.3,22.7,4.6,6.5
400,2024-05-17,-999,-999.0,-999.0,10,0.0,0,-999.0,-999,-999.0,9.2,-999,19.2,43.0,25.7,13.3,8.9,eor,80.6,23.4,4.5,7.2
400,2024-05-18,-999,-999.0,-999.0,10,0.0,0,-999.0,-999,-999.0,11.8,-999,16.6,63.0,21.1,12.6,10.0,eor,67.2,18.2,4.0,6.8
400,2024-05-19,-999,-999.0,-999.0,10,9.6,4,-999.0,-999,-999.0,13.9,-999,16.3,77.0,21.7,11.2,8.0,eor,51.4,9.7,5.6,6.5
400,2024-05-20,-999,-999.0,-999.0,10,0.3,4,-999.0,-999,-999.0,14.0,-999,17.0,75.0,24.3,9.9,7.5,eor,44.5,16.2,4.8,10.5
400,2024-05-21,-999,-999.0,-999.0,10,0.0,0,-999.0,-999,-999.0,14.2,-999,20.9,61.0,27.5,12.3,9.7,eor,64.4,16.0,4.5,9.8
400,2024-05-22,-999,-999.0,-999.0,10,16.2,4,-999.0,-999,-999.0,17.2,-999,19.7,76.0,26.2,14.7,14.5,eor,69.2,17.5,6.3,10.7
400,2024-05-23,-999,-999.0,-999.0,10,0.0,0,-999.0,-999,-999.0,14.8,-999,18.4,72.0,23.7,14.1,11.5,eor,67.0,19.7,5.5,12.7
400,2024-05-24,-999,-999.0,-999.0,10,5.6,4,-999.0,-999,-999.0,15.1,-999,19.7,69.0,25.6,12.8,10.1,eor,52.4,20.1,6.8,12.8
400,2024-05-25,-999,-999.0,-999.0,10,0.0,0,-999.0,-999,-999.0,15.7,-999,18.8,74.0,24.8,14.2,12.2,eor,62.5,19.1,5.3,12.2
400,2024-05-26,-999,-999.0,-999.0,10,0.0,0,-999.0,-999,-999.0,15.5,-999,20.1,68.0,25.9,12.7,10.5,eor,59.9,16.0,6.6,10.9
400,2024-05-27,-999,-999.0,-999.0,10,6.9,4,-999.0,-999,-999.0,16.2,-999,19.6,73.0,24.9,15.2,13.1,eor,62.9,13.2,8.6,8.7
400,2024-05-28,-999,-999.0,-999.0,10,3.4,4,-999.0,-999,-999.0,15.2,-999,15.8,85.0,19.6,12.0,9.5,eor,43.3,14.8,6.9,9.5
400,2024-05-29,-999,-999.0,-999.0,10,0.1,4,-999.0,-999,-999.0,13.1,-999,17.2,69.0,23.3,10.2,7.6,eor,48.8,14.0,9.0,8.3
400,2024-05-30,-999,-999.0,-999.0,10,5.0,4,-999.0,-999,-999.0,15.9,-999,16.5,85.0,22.1,12.5,9.7,eor,39.5,11.5,6.5,6.5
400,2024-05-31,-999,-999.0,-999.0,10,0.0,0,-999.0,-999,-999.0,15.0,-999,18.0,75.0,23.8,13.1,10.0,eor,44.0,13.8,5.8,8.7
400,2024-06-01,-999,-999.0,-999.0,10,0.0,0,-999.0,-999,-999.0,16.7,-999,21.1,69.0,26.9,14.1,11.9,eor,57.3,14.8,4.3,9.5
400,2024-06-02,-999,-999.0,-999.0,10,0.0,0,-999.0,-999,-999.0,17.0,-999,20.1,74.0,25.8,14.5,12.5,eor,73.7,19.2,3.6,12.5
400,2024-06-03,-999,-999.0,-999.0,10,0.0,0,-999.0,-999,-999.0,12.5,-999,14.3,76.0,16.2,11.4,8.5,eor,75.4,21.0,4.2,13.5
400,2024-06-04,-999,-999.0,-999.0,10,0.0,0,-999.0,-999,-999.0,12.9,-999,15.7,73.0,20.7,10.6,7.2,eor,54.4,14.9,6.9,9.5
400,2024-06-05,-999,-999.0,-999.0,10,4.5,4,-999.0,-999,-999.0,14.3,-999,15.5,82.0,20.8,10.2,6.9,eor,46.1,12.7,9.4,8.3
400,2024-06-06,-999,-999.0,-999.0,10,0.2,4,-999.0,-999,-999.0,11.1,-999,16.0,64.0,21.0,11.4,8.7,eor,56.4,13.5,5.4,8.6
400,2024-06-07,-999,-999.0,-999.0,10,0.0,0,-999.0,-999,-999.0,10.6,-999,15.1,65.0,20.9,8.9,5.7,eor,64.5,16.1,5.5,11.0
400,2024-06-08,-999,-999.0,-999.0,10,0.0,0,-999.0,-999,-999.0,11.1,-999,18.2,57.0,26.1,7.5,4.7,eor,65.1,17.0,9.2,12.6
400,2024-06-09,-999,-999.0,-999.0,10,0.0,0,-999.0,-999,-999.0,9.1,-999,15.0,57.0,20.9,9.6,6.2,eor,70.8,12.7,2.9,8.1
400,2024-06-10,-999,-999.0,-999.0,10,1.8,4,-999.0,-999,-999.0,10.4,-999,14.1,67.0,19.6,7.6,4.5,eor,59.5,9.0,4.8,5.2
400,2024-06-11,-999,-999.0,-999.0,10,0.2,4,-999.0,-999,-999.0,10.4,-999,13.2,69.0,17.7,10.2,7.0,eor,53.2,9.6,4.8,5.6
400,2024-06-12,-999,-999.0,-999.0,10,1.5,4,-999.0,-999,-999.0,10.3,-999,12.2,73.0,17.6,7.7,3.6,eor,58.6,7.4,5.0,4.0
400,2024-06-13,-999,-999.0,-999.0,10,0.0,0,-999.0,-999,-999.0,9.4,-999,13.7,63.0,19.6,8.1,4.8,eor,55.7,6.7,5.5,4.0
400,2024-06-14,-999,-999.0,-999.0,10,1.3,4,-999.0,-999,-999.0,11.7,-999,14.2,73.0,20.6,7.9,4.7,eor,38.2,7.9,8.7,4.7
400,2024-06-15,-999,-999.0,-999.0,10,3.4,4,-999.0,-999,-999.0,13.3,-999,16.7,72.0,22.9,10.2,6.8,eor,45.0,11.6,7.0,7.7
400,2024-06-16,-999,-999.0,-999.0,10,0.2,4,-999.0,-999,-999.0,11.7,-999,18.2,60.0,25.2,9.5,6.2,eor,50.5,9.5,5.7,5.5
400,2024-06-17,-999,-999.0,-999.0,10,3.0,4,-999.0,-999,-999.0,15.2,-999,19.3,70.0,25.4,13.6,10.2,eor,44.7,8.2,9.2,4.5
400,2024-06-18,-999,-999.0,-999.0,10,7.4,4,-999.0,-999,-999.0,17.3,-999,19.7,78.0,27.6,13.2,9.7,eor,36.6,8.6,6.6,5.2
400,2024-06-19,-999,-999.0,-999.0,10,1.0,4,-999.0,-999,-999.0,15.8,-999,16.0,87.0,19.1,10.8,7.5,eor,45.5,9.8,4.0,6.0
400,2024-06-20,-999,-999.0,-999.0,10,0.0,0,-999.0,-999,-999.0,12.5,-999,17.3,66.0,24.0,8.7,5.2,eor,51.7,9.5,5.4,6.0
400,2024-06-21,-999,-999.0,-999.0,10,2.8,4,-999.0,-999,-999.0,19.2,-999,20.2,80.0,27.3,14.7,12.1,eor,37.4,12.4,8.5,7.7
400,2024-06-22,-999,-999.0,-999.0,10,4.7,4,-999.0,-999,-999.0,16.3,-999,18.9,76.0,23.0,13.4,10.1,eor,54.1,18.8,5.9,12.2
400,2024-06-23,-999,-999.0,-999.0,10,0.0,0,-999.0,-999,-999.0,14.0,-999,18.2,68.0,23.1,12.8,9.7,eor,65.4,15.2,4.2,9.5
400,2024-06-24,-999,-999.0,-999.0,10,0.0,0,-999.0,-999,-999.0,14.1,-999,19.2,66.0,25.7,12.0,9.0,eor,52.5,11.0,3.7,7.3
400,2024-06-25,-999,-999.0,-999.0,10,0.0,0,-999.0,-999,-999.0,14.9,-999,21.3,62.0,27.5,13.3,10.8,eor,55.1,10.8,5.5,7.0
400,2024-06-26,-999,-999.0,-999.0,10,0.0,0,-999.0,-999,-999.0,17.2,-999,24.7,57.0,31.2,16.9,14.4,eor,71.3,11.8,5.6,6.5
400,2024-06-27,-999,-999.0,-999.0,10,0.3,4,-999.0,-999,-999.0,20.8,-999,25.0,67.0,30.7,19.6,17.3,eor,65.5,17.9,7.0,10.8
400,2024-06-28,-999,-999.0,-999.0,10,1.0,4,-999.0,-999,-999.0,18.1,-999,22.7,67.0,29.1,14.8,11.7,eor,66.2,18.9,7.2,12.0
400,2024-06-29,-999,-999.0,-999.0,10,5.2,4,-999.0,-999,-999.0,15.5,-999,23.2,58.0,29.9,13.0,10.1,eor,70.6,15.2,5.2,8.6
400,2024-06-30,-999,-999.0,-999.0,10,6.6,4,-999.0,-999,-999.0,20.9,-999,21.2,83.0,26.4,16.3,14.9,eor,55.2,17.4,6.0,11.0
400,2024-07-01,-999,-999.0,-999.0,10,15.7,4,-999.0,-999,-999.0,16.7,-999,16.8,88.0,19.7,12.6,11.5,eor,42.5,14.9,5.7,10.0
400,2024-07-02,-999,-999.0,-999.0,10,0.2,4,-999.0,-999,-999.0,14.5,-999,15.1,85.0,17.8,12.2,11.1,eor,40.4,10.2,4.6,6.3
400,2024-07-03,-999,-999.0,-999.0,10,0.0,0,-999.0,-999,-999.0,12.1,-999,15.0,72.0,18.1,12.3,12.1,eor,46.8,9.1,3.5,5.6
400,2024-07-04,-999,-999.0,-999.0,10,3.0,4,-999.0,-999,-999.0,13.3,-999,15.1,78.0,19.8,10.4,8.2,eor,41.3,8.8,6.7,5.2
400,2024-07-05,-999,-999.0,-999.0,10,0.0,0,-999.0,-999,-999.0,11.3,-999,15.9,66.0,22.1,8.8,6.6,eor,46.0,9.5,8.5,5.6
400,2024-07-06,-999,-999.0,-999.0,10,0.6,4,-999.0,-999,-999.0,16.1,-999,21.4,66.0,31.3,11.5,9.3,eor,44.2,11.7,7.0,6.4
400,2024-07-07,-999,-999.0,-999.0,10,0.0,0,-999.0,-999,-999.0,10.2,-999,18.4,50.0,23.7,12.0,9.9,eor,67.1,9.8,3.4,4.6
400,2024-07-08,-999,-999.0,-999.0,10,0.0,0,-999.0,-999,-999.0,11.5,-999,19.9,53.0,27.0,11.7,9.5,eor,55.2,8.3,8.3,4.0
400,2024-07-09,-999,-999.0,-999.0,10,0.0,0,-999.0,-999,-999.0,15.1,-999,24.9,51.0,32.0,16.9,15.5,eor,70.2,9.3,6.5,4.5
400,2024-07-10,-999,-999.0,-999.0,10,24.6,4,-999.0,-999,-999.0,21.9,-999,23.9,75.0,31.2,19.4,18.1,eor,59.3,16.0,9.2,9.4
400,2024-07-11,-999,-999.0,-999.0,10,0.4,4,-999.0,-999,-999.0,20.3,-999,22.3,77.0,27.3,17.8,16.0,eor,37.9,18.1,7.0,11.6
400,2024-07-12,-999,-999.0,-999.0,10,8.5,4,-999.0,-999,-999.0,20.9,-999,20.4,88.0,25.6,17.0,15.6,eor,25.8,13.8,8.0,8.9
400,2024-07-13,-999,-999.0,-999.0,10,0.6,4,-999.0,-999,-999.0,14.7,-999,17.5,75.0,23.0,12.6,11.3,eor,52.1,10.1,4.1,6.5
400,2024-07-14,-999,-999.0,-999.0,10,0.0,0,-999.0,-999,-999.0,14.2,-999,18.6,69.0,24.8,11.5,10.1,eor,45.2,9.5,5.3,6.5
400,2024-07-15,-999,-999.0,-999.0,10,0.0,0,-999.0,-999,-999.0,14.8,-999,22.4,59.0,29.6,14.3,12.7,eor,63.5,9.2,8.8,5.3
400,2024-07-16,-999,-999.0,-999.0,10,7.8,4,-999.0,-999,-999.0,18.6,-999,21.1,75.0,27.9,15.9,13.9,eor,58.1,12.1,6.9,7.3
400,2024-07-17,-999,-999.0,-999.0,10,0.0,0,-999.0,-999,-999.0,15.6,-999,19.1,72.0,24.5,13.4,11.6,eor,51.1,10.9,6.6,6.8
400,2024-07-18,-999,-999.0,-999.0,10,0.0,0,-999.0,-999,-999.0,15.5,-999,19.8,70.0,26.8,12.9,11.0,eor,53.9,8.0,5.0,4.3
400,2024-07-19,-999,-999.0,-999.0,10,0.0,0,-999.0,-999,-999.0,15.5,-999,22.5,61.0,29.3,13.6,11.9,eor,57.0,9.3,6.1,5.7
400,2024-07-20,-999,-999.0,-999.0,10,0.0,0,-999.0,-999,-999.0,16.1,-999,23.8,58.0,30.9,16.8,14.7,eor,69.8,13.0,4.3,7.8
400,2024-07-21,-999,-999.0,-999.0,10,1.4,4,-999.0,-999,-999.0,17.1,-999,25.2,56.0,33.0,16.2,12.9,eor,86.2,15.6,5.1,8.9
400,2024-07-22,-999,-999.0,-999.0,10,1.2,4,-999.0,-999,-999.0,19.5,-999,19.6,85.0,22.4,12.9,10.5,eor,43.0,16.9,7.3,10.4
400,2024-07-23,-999,-999.0,-999.0,10,4.2,4,-999.0,-999,-999.0,15.9,-999,19.1,76.0,28.3,11.3,9.2,eor,44.0,9.0,6.0,5.6
400,2024-07-24,-999,-999.0,-999.0,10,0.0,4,-999.0,-999,-999.0,15.9,-999,18.7,75.0,23.6,13.3,10.5,eor,43.3,12.2,5.3,7.4
400,2024-07-25,-999,-999.0,-999.0,10,0.0,0,-999.0,-999,-999.0,12.5,-999,16.7,68.0,23.0,10.5,8.1,eor,44.9,10.1,5.5,5.7
400,2024-07-26,-999,-999.0,-999.0,10,1.8,4,-999.0,-999,-999.0,15.1,-999,19.3,68.0,24.9,12.0,9.6,eor,45.5,10.1,8.7,5.8
400,2024-07-27,-999,-999.0,-999.0,10,27.0,4,-999.0,-999,-999.0,20.0,-999,19.7,87.0,23.6,16.3,14.4,eor,33.8,13.2,8.3,8.6
400,2024-07-28,-999,-999.0,-999.0,10,0.2,4,-999.0,-999,-999.0,15.5,-999,18.3,75.0,23.3,13.7,10.9,eor,51.2,10.9,3.0,7.5
400,2024-07-29,-999,-999.0,-999.0,10,0.0,0,-999.0,-999,-999.0,13.3,-999,17.7,69.0,24.3,11.5,9.3,eor,44.1,8.0,5.2,5.0
400,2024-07-30,-999,-999.0,-999.0,10,0.0,0,-999.0,-999,-999.0,13.8,-999,19.5,65.0,28.1,10.0,8.5,eor,48.0,7.4,5.4,4.1
400,2024-07-31,-999,-999.0,-999.0,10,0.0,0,-999.0,-999,-999.0,16.4,-999,22.2,65.0,29.5,13.7,12.2,eor,55.5,10.9,9.1,6.3
400,2024-08-01,-999,-999.0,-999.0,10,0.0,0,-999.0,-999,-999.0,15.9,-999,22.1,62.0,28.4,14.2,12.6,eor,69.5,13.3,4.2,8.0
400,2024-08-02,-999,-999.0,-999.0,10,0.0,0,-999.0,-999,-999.0,15.1,-999,18.6,71.0,21.6,16.0,15.3,eor,48.9,13.9,4.9,8.0
400,2024-08-03,-999,-999.0,-999.0,10,12.1,4,-999.0,-999,-999.0,15.8,-999,19.4,72.0,25.6,13.1,11.3,eor,51.0,13.5,4.4,8.0
400,2024-08-04,-999,-999.0,-999.0,10,0.5,4,-999.0,-999,-999.0,18.1,-999,19.4,81.0,23.9,16.3,15.5,eor,44.8,13.8,5.5,9.0
400,2024-08-05,-999,-999.0,-999.0,10,0.0,0,-999.0,-999,-999.0,13.9,-999,17.7,70.0,23.5,12.7,11.2,eor,47.8,11.6,3.7,7.2
400,2024-08-06,-999,-999.0,-999.0,10,0.0,0,-999.0,-999,-999.0,14.1,-999,19.4,67.0,26.6,11.4,10.0,eor,45.7,10.2,5.6,6.0
400,2024-08-07,-999,-999.0,-999.0,10,0.6,4,-999.0,-999,-999.0,16.6,-999,22.1,65.0,29.6,14.8,12.4,eor,68.5,11.5,6.5,6.8
400,2024-08-08,-999,-999.0,-999.0,10,0.0,0,-999.0,-999,-999.0,16.0,-999,19.4,73.0,23.9,13.6,12.1,eor,57.3,14.7,4.1,9.2
400,2024-08-09,-999,-999.0,-999.0,10,2.9,4,-999.0,-999,-999.0,17.6,-999,19.2,80.0,25.1,13.3,11.5,eor,35.8,12.1,9.7,7.4
400,2024-08-10,-999,-999.0,-999.0,10,0.0,0,-999.0,-999,-999.0,16.5,-999,20.4,71.0,26.1,14.9,12.9,eor,48.6,11.9,6.0,7.4
400,2024-08-11,-999,-999.0,-999.0,10,0.0,0,-999.0,-999,-999.0,15.3,-999,20.3,66.0,25.6,13.4,10.8,eor,53.5,12.1,5.4,7.6
400,2024-08-12,-999,-999.0,-999.0,10,0.0,0,-999.0,-999,-999.0,14.0,-999,19.9,64.0,27.9,11.6,9.4,eor,50.9,10.6,6.1,6.5
400,2024-08-13,-999,-999.0,-999.0,10,0.0,0,-999.0,-999,-999.0,14.1,-999,22.5,54.0,30.4,13.8,10.9,eor,58.3,10.8,5.0,6.0
400,2024-08-14,-999,-999.0,-999.0,10,1.1,4,-999.0,-999,-999.0,16.3,-999,24.7,54.0,32.7,17.6,15.0,eor,76.5,13.2,7.0,6.0
400,2024-08-15,-999,-999.0,-999.0,10,0.0,0,-999.0,-999,-999.0,21.1,-999,22.8,78.0,28.5,17.1,14.3,eor,57.4,16.6,6.4,9.0
400,2024-08-16,-999,-999.0,-999.0,10,0.3,4,-999.0,-999,-999.0,18.5,-999,23.1,69.0,30.1,16.0,13.0,eor,55.1,14.7,9.1,9.1
400,2024-08-17,-999,-999.0,-999.0,10,22.7,4,-999.0,-999,-999.0,20.4,-999,22.0,78.0,28.8,17.1,15.0,eor,40.9,11.7,7.3,6.7
400,2024-08-18,-999,-999.0,-999.0,10,0.0,0,-999.0,-999,-999.0,18.5,-999,19.2,83.0,23.4,16.1,16.0,eor,44.4,12.3,3.5,8.2
400,2024-08-19,-999,-999.0,-999.0,10,0.0,0,-999.0,-999,-999.0,14.5,-999,18.3,71.0,23.2,12.6,11.1,eor,61.2,10.9,3.1,7.0
400,2024-08-20,-999,-999.0,-999.0,10,0.1,4,-999.0,-999,-999.0,15.7,-999,19.8,70.0,27.1,12.2,10.0,eor,47.8,14.5,7.1,9.4
400,2024-08-21,-999,-999.0,-999.0,10,0.0,0,-999.0,-999,-999.0,14.6,-999,19.2,65.0,23.1,11.7,9.1,eor,58.2,15.7,6.5,9.5
400,2024-08-22,-999,-999.0,-999.0,10,0.0,0,-999.0,-999,-999.0,12.0,-999,18.1,60.0,24.0,11.7,9.1,eor,51.6,11.7,9.0,5.6
400,2024-08-23,-999,-999.0,-999.0,10,0.0,0,-999.0,-999,-999.0,13.4,-999,22.6,52.0,30.1,14.8,12.7,eor,60.0,13.3,12.0,6.3
400,2024-08-24,-999,-999.0,-999.0,10,0.2,4,-999.0,-999,-999.0,17.7,-999,24.7,60.0,31.9,16.2,13.8,eor,63.4,12.8,5.5,5.2
400,2024-08-25,-999,-999.0,-999.0,10,0.0,0,-999.0,-999,-999.0,14.8,-999,19.9,64.0,25.7,11.8,10.1,eor,74.9,12.8,5.2,6.2
400,2024-08-26,-999,-999.0,-999.0,10,0.0,0,-999.0,-999,-999.0,12.4,-999,17.7,66.0,25.9,9.8,7.4,eor,46.8,10.5,8.5,6.0
400,2024-08-27,-999,-999.0,-999.0,10,0.0,0,-999.0,-999,-999.0,13.0,-999,19.2,63.0,26.8,11.3,9.2,eor,57.8,13.2,7.1,7.8
400,2024-08-28,-999,-999.0,-999.0,10,0.0,0,-999.0,-999,-999.0,16.6,-999,22.6,61.0,30.2,13.3,10.8,eor,70.5,17.1,7.2,9.1
400,2024-08-29,-999,-999.0,-999.0,10,0.0,0,-999.0,-999,-999.0,19.1,-999,25.7,62.0,34.1,19.9,17.0,eor,75.3,23.7,10.1,13.6
400,2024-08-30,-999,-999.0,-999.0,10,11.6,4,-999.0,-999,-999.0,18.3,-999,21.8,71.0,29.9,13.5,13.4,eor,64.4,19.8,8.8,11.9
400,2024-08-31,-999,-999.0,-999.0,10,0.0,0,-999.0,-999,-999.0,14.5,-999,17.5,75.0,23.9,13.3,11.5,eor,48.4,12.0,4.8,7.8
400,2024-09-01,-999,-999.0,-999.0,10,0.0,0,-999.0,-999,-999.0,13.8,-999,18.4,68.0,24.8,12.7,10.5,eor,52.6,12.6,6.3,8.2
400,2024-09-02,-999,-999.0,-999.0,10,0.0,0,-999.0,-999,-999.0,14.3,-999,19.1,68.0,26.8,11.2,9.0,eor,48.1,12.0,7.7,7.4
400,2024-09-03,-999,-999.0,-999.0,10,0.0,0,-999.0,-999,-999.0,19.6,-999,23.6,70.0,32.0,16.0,13.7,eor,67.7,16.4,10.2,10.2
400,2024-09-04,-999,-999.0,-999.0,10,0.0,0,-999.0,-999,-999.0,15.8,-999,25.9,51.0,33.5,19.3,15.6,eor,74.3,26.1,9.0,16.0
400,2024-09-05,-999,-999.0,-999.0,10,0.0,0,-999.0,-999,-999.0,13.5,-999,25.3,43.0,30.9,20.4,17.1,eor,81.1,31.0,6.0,15.6
400,2024-09-06,-999,-999.0,-999.0,10,0.0,0,-999.0,-999,-999.0,12.7,-999,22.9,47.0,29.7,15.7,12.8,eor,83.5,37.9,6.4,16.9
400,2024-09-07,-999,-999.0,-999.0,10,0.0,0,-999.0,-999,-999.0,15.2,-999,23.0,57.0,31.4,14.9,11.7,eor,79.2,33.6,8.8,15.9
400,2024-09-08,-999,-999.0,-999.0,10,0.1,4,-999.0,-999,-999.0,16.9,-999,25.0,55.0,32.2,18.9,15.8,eor,79.7,28.1,7.2,14.9
400,2024-09-09,-999,-999.0,-999.0,10,9.8,4,-999.0,-999,-999.0,17.7,-999,18.0,86.0,23.4,13.4,11.5,eor,58.6,18.3,8.2,10.0
400,2024-09-10,-999,-999.0,-999.0,10,0.5,4,-999.0,-999,-999.0,13.2,-999,16.1,73.0,19.2,13.7,11.3,eor,41.8,11.8,8.4,7.3
400,2024-09-11,-999,-999.0,-999.0,10,0.8,4,-999.0,-999,-999.0,12.2,-999,14.0,76.0,16.1,8.8,6.3,eor,46.4,10.2,8.5,6.0
400,2024-09-12,-999,-999.0,-999.0,10,0.0,0,-999.0,-999,-999.0,9.6,-999,10.9,76.0,16.2,6.9,5.1,eor,41.0,6.4,7.7,3.6
400,2024-09-13,-999,-999.0,-999.0,10,2.9,4,-999.0,-999,-999.0,10.8,-999,11.1,82.0,14.9,7.0,5.4,eor,32.3,6.0,4.9,4.0
400,2024-09-14,-999,-999.0,-999.0,10,0.0,0,-999.0,-999,-999.0,10.1,-999,13.7,66.0,18.3,8.9,7.1,eor,65.3,6.3,2.2,3.8
400,2024-09-15,-999,-999.0,-999.0,10,2.5,4,-999.0,-999,-999.0,10.9,-999,13.2,73.0,18.6,8.0,6.1,eor,56.3,6.7,2.9,3.4
400,2024-09-16,-999,-999.0,-999.0,10,1.4,4,-999.0,-999,-999.0,15.6,-999,15.1,91.0,17.5,12.3,12.0,eor,42.7,6.6,4.1,3.7
400,2024-09-17,-999,-999.0,-999.0,10,0.0,0,-999.0,-999,-999.0,16.7,-999,18.9,78.0,25.3,15.2,14.4,eor,53.4,24.5,5.7,15.8
400,2024-09-18,-999,-999.0,-999.0,10,0.0,0,-999.0,-999,-999.0,16.6,-999,18.5,80.0,24.9,14.7,14.2,eor,58.8,32.0,5.5,21.9
400,2024-09-19,-999,-999.0,-999.0,10,0.0,0,-999.0,-999,-999.0,15.0,-999,18.0,74.0,24.7,11.8,8.9,eor,54.2,32.4,5.8,22.5
400,2024-09-20,-999,-999.0,-999.0,10,0.0,0,-999.0,-999,-999.0,10.3,-999,17.0,57.0,24.1,10.4,7.9,eor,56.2,26.9,9.3,16.9
400,2024-09-21,-999,-999.0,-999.0,10,0.0,0,-999.0,-999,-999.0,10.3,-999,16.0,59.0,23.6,8.1,5.0,eor,63.2,26.7,7.7,15.3
400,2024-09-22,-999,-999.0,-999.0,10,0.0,0,-999.0,-999,-999.0,11.5,-999,15.7,69.0,24.7,8.0,5.3,eor,63.5,26.8,8.3,17.5
400,2024-09-23,-999,-999.0,-999.0,10,0.0,0,-999.0,-999,-999.0,13.0,-999,16.4,73.0,25.0,9.1,6.7,eor,53.5,21.0,12.3,13.1
400,2024-09-24,-999,-999.0,-999.0,10,9.4,4,-999.0,-999,-999.0,14.9,-999,14.4,91.0,17.6,11.5,8.6,eor,38.5,20.3,11.6,12.9
400,2024-09-25,-999,-999.0,-999.0,10,5.7,4,-999.0,-999,-999.0,14.6,-999,15.1,85.0,19.0,12.4,10.5,eor,39.2,11.9,8.8,7.9
400,2024-09-26,-999,-999.0,-999.0,10,0.4,4,-999.0,-999,-999.0,15.2,-999,16.2,83.0,19.1,12.6,11.6,eor,33.9,8.0,8.8,5.0
400,2024-09-27,-999,-999.0,-999.0,10,3.1,4,-999.0,-999,-999.0,12.1,-999,16.0,67.0,19.5,11.9,10.6,eor,53.4,7.1,6.5,4.1
400,2024-09-28,-999,-999.0,-999.0,10,1.0,4,-999.0,-999,-999.0,10.2,-999,11.3,76.0,15.9,6.3,4.4,eor,57.5,7.0,4.2,4.0
400,2024-09-29,-999,-999.0,-999.0,10,0.0,0,-999.0,-999,-999.0,8.5,-999,8.4,80.0,14.8,3.9,1.6,eor,44.9,7.2,5.7,4.2
400,2024-09-30,-999,-999.0,-999.0,10,0.0,0,-999.0,-999,-999.0,8.3,-999,9.9,70.0,15.8,3.9,1.8,eor,33.1,10.8,7.2,6.9
400,2024-10-01,-999,-999.0,-999.0,10,9.4,4,-999.0,0,-999.0,10.1,-999,9.2,87.0,10.1,7.7,5.9,eor,33.2,10.0,7.8,6.1
400,2024-10-02,-999,-999.0,-999.0,10,2.3,4,-999.0,0,-999.0,10.9,-999,9.4,92.0,10.5,8.3,8.1,eor,27.5,15.9,5.8,10.7
400,2024-10-03,-999,-999.0,-999.0,10,0.2,4,-999.0,0,-999.0,11.9,-999,10.9,91.0,13.8,9.1,8.8,eor,41.5,7.7,2.2,4.7
400,2024-10-04,-999,-999.0,-999.0,10,1.6,4,-999.0,0,-999.0,11.5,-999,10.9,88.0,15.0,6.6,4.6,eor,44.0,6.0,2.2,3.8
400,2024-10-05,-999,-999.0,-999.0,10,0.0,0,-999.0,0,-999.0,10.6,-999,10.0,87.0,13.9,5.1,3.1,eor,25.7,6.4,3.5,4.0
400,2024-10-06,-999,-999.0,-999.0,10,0.0,0,-999.0,0,-999.0,9.8,-999,9.0,85.0,11.5,5.1,3.4,eor,20.4,9.1,5.3,5.7
400,2024-10-07,-999,-999.0,-999.0,10,0.0,0,-999.0,0,-999.0,11.7,-999,11.0,89.0,15.5,6.3,3.9,eor,11.5,16.1,10.8,10.5
400,2024-10-08,-999,-999.0,-999.0,10,11.2,4,-999.0,0,-999.0,15.7,-999,15.6,89.0,21.1,11.2,10.5,eor,10.2,15.5,11.0,10.1
400,2024-10-09,-999,-999.0,-999.0,10,1.0,4,-999.0,0,-999.0,15.0,-999,15.9,84.0,20.0,12.9,12.0,eor,28.8,11.8,9.2,7.5
400,2024-10-10,-999,-999.0,-999.0,10,3.4,4,-999.0,0,-999.0,13.6,-999,14.4,82.0,19.1,7.9,6.0,eor,38.0,9.5,7.8,5.6
400,2024-10-11,-999,-999.0,-999.0,10,0.0,0,-999.0,0,-999.0,8.7,-999,8.0,82.0,13.4,3.2,0.9,eor,41.4,8.4,7.0,5.0
400,2024-10-12,-999,-999.0,-999.0,10,3.3,4,-999.0,0,-999.0,8.3,-999,8.1,78.0,13.6,1.7,-0.6,eor,26.0,11.3,10.5,6.6
400,2024-10-13,-999,-999.0,-999.0,10,0.2,4,-999.0,0,-999.0,9.8,-999,10.2,79.0,11.9,8.0,6.4,eor,49.2,11.3,4.4,6.5
400,2024-10-14,-999,-999.0,-999.0,10,0.0,0,-999.0,0,-999.0,9.1,-999,8.8,80.0,11.5,6.1,3.8,eor,41.3,8.7,8.8,4.8
400,2024-10-15,-999,-999.0,-999.0,10,0.0,0,-999.0,0,-999.0,7.9,-999,6.5,83.0,12.6,2.3,-0.2,eor,26.7,10.4,7.4,6.0
400,2024-10-16,-999,-999.0,-999.0,10,0.0,0,-999.0,0,-999.0,8.4,-999,9.1,73.0,14.2,3.4,0.0,eor,34.5,12.0,6.5,6.8
400,2024-10-17,-999,-999.0,-999.0,10,0.0,0,-999.0,0,-999.0,10.1,-999,11.4,75.0,16.5,7.3,5.2,eor,33.8,17.3,10.0,9.7
400,2024-10-18,-999,-999.0,-999.0,10,0.0,0,-999.0,0,-999.0,11.5,-999,12.1,82.0,17.5,8.0,5.3,eor,24.8,18.7,9.3,10.8
400,2024-10-19,-999,-999.0,-999.0,10,0.0,0,-999.0,0,-999.0,12.2,-999,13.0,81.0,18.8,9.0,6.3,eor,24.1,21.2,9.5,13.3
400,2024-10-20,-999,-999.0,-999.0,10,0.2,4,-999.0,0,-999.0,11.8,-999,12.6,82.0,16.7,9.5,6.9,eor,26.5,22.1,10.0,13.7
400,2024-10-21,-999,-999.0,-999.0,10,0.1,4,-999.0,0,-999.0,15.3,-999,15.6,86.0,19.0,13.4,11.6,eor,12.7,21.0,15.2,12.8
400,2024-10-22,-999,-999.0,-999.0,10,0.0,0,-999.0,0,-999.0,12.3,-999,11.9,88.0,16.7,6.5,2.5,eor,19.1,17.5,13.5,11.2
400,2024-10-23,-999,-999.0,-999.0,10,0.0,0,-999.0,0,-999.0,10.3,-999,8.7,92.0,15.6,4.9,1.3,eor,18.2,12.8,12.1,8.1
400,2024-10-24,-999,-999.0,-999.0,10,0.0,0,-999.0,0,-999.0,9.8,-999,9.4,84.0,15.6,3.4,0.0,eor,19.4,19.5,9.7,12.5
400,2024-10-25,-999,-999.0,-999.0,10,0.0,0,-999.0,0,-999.0,11.0,-999,10.3,88.0,16.7,6.2,3.3,eor,15.5,23.7,15.7,15.3
400,2024-10-26,-999,-999.0,-999.0,10,0.0,4,-999.0,0,-999.0,12.2,-999,11.3,91.0,17.7,6.1,2.9,eor,8.3,34.1,12.0,22.3
400,2024-10-27,-999,-999.0,-999.0,10,0.0,4,-999.0,0,-999.0,11.9,-999,10.8,92.0,15.1,7.5,3.2,eor,12.3,32.5,9.5,21.6
400,2024-10-28,-999,-999.0,-999.0,10,0.3,4,-999.0,0,-999.0,12.5,-999,11.2,93.0,15.0,6.5,3.9,eor,,21.6,16.3,14.4
400,2024-10-29,-999,-999.0,-999.0,10,0.0,0,-999.0,0,-999.0,13.7,-999,13.1,90.0,14.6,11.9,11.0,eor,,17.5,13.3,11.4
400,2024-10-30,-999,-999.0,-999.0,10,0.0,0,-999.0,0,-999.0,13.3,-999,13.4,86.0,15.4,11.2,10.0,eor,30.0,17.0,11.0,11.3
400,2024-10-31,-999,-999.0,-999.0,10,0.0,0,-999.0,0,-999.0,11.3,-999,11.7,83.0,13.0,8.3,6.2,eor,39.0,12.4,8.1,7.8
400,2024-11-01,-999,-999.0,-999.0,10,1.2,4,-999.0,0,-999.0,11.4,-999,10.9,87.0,11.9,9.8,9.8,eor,30.2,18.5,9.1,12.6
400,2024-11-02,-999,-999.0,-999.0,10,0.0,0,-999.0,0,-999.0,7.5,-999,6.0,80.0,11.0,-0.7,-2.8,eor,41.8,17.6,6.6,11.8
400,2024-11-03,-999,-999.0,-999.0,10,0.2,4,-999.0,0,-999.0,6.9,-999,4.0,85.0,10.0,-1.4,-3.4,eor,17.7,24.0,16.6,18.4
400,2024-11-04,-999,-999.0,-999.0,10,0.2,4,-999.0,0,-999.0,10.3,-999,8.7,91.0,11.0,6.2,6.0,eor,22.9,17.0,10.8,11.9
400,2024-11-05,-999,-999.0,-999.0,10,0.0,0,-999.0,0,-999.0,8.9,-999,7.3,87.0,10.6,4.4,1.1,eor,19.8,13.7,12.3,9.3
400,2024-11-06,-999,-999.0,-999.0,10,0.1,4,-999.0,0,-999.0,8.1,-999,4.3,97.0,5.2,3.4,3.6,eor,8.0,23.2,18.5,17.3
400,2024-11-07,-999,-999.0,-999.0,10,0.0,4,-999.0,0,-999.0,7.7,-999,4.7,90.0,5.5,3.7,3.6,eor,13.2,14.7,9.2,11.0
400,2024-11-08,-999,-999.0,-999.0,10,0.0,0,-999.0,0,-999.0,7.4,-999,4.9,86.0,5.6,4.3,4.2,eor,23.5,11.8,7.1,8.5
400,2024-11-09,-999,-999.0,-999.0,10,0.0,0,-999.0,0,-999.0,6.8,-999,3.4,88.0,5.4,1.2,0.9,eor,22.4,25.8,8.8,21.7
400,2024-11-10,-999,-999.0,-999.0,10,0.0,0,-999.0,0,-999.0,6.4,-999,1.2,96.0,2.0,0.4,0.7,eor,13.3,27.5,15.0,23.4
400,2024-11-11,-999,-999.0,-999.0,10,0.0,0,-999.0,0,-999.0,7.4,-999,3.8,92.0,5.5,1.5,1.7,eor,2.6,28.0,17.8,23.5
400,2024-11-12,-999,-999.0,-999.0,10,0.3,4,-999.0,0,-999.0,7.4,-999,3.9,92.0,4.4,3.3,3.2,eor,10.8,22.8,8.4,18.7
400,2024-11-13,-999,-999.0,-999.0,10,0.3,4,-999.0,0,-999.0,8.1,-999,4.9,93.0,8.5,1.5,-1.5,eor,12.7,15.9,12.7,12.2
400,2024-11-14,-999,-999.0,-999.0,10,0.4,4,-999.0,0,-999.0,8.7,-999,6.0,93.0,8.3,1.0,-1.9,eor,19.2,12.6,15.5,9.1
400,2024-11-15,-999,-999.0,-999.0,10,0.0,0,-999.0,0,-999.0,9.1,-999,7.2,89.0,9.0,4.3,3.1,eor,35.5,12.7,9.7,8.2
400,2024-11-16,-999,-999.0,-999.0,10,2.7,4,-999.0,0,-999.0,7.6,-999,7.1,75.0,8.2,6.0,5.4,eor,43.8,14.2,8.0,9.8
400,2024-11-17,-999,-999.0,-999.0,10,1.1,4,-999.0,0,-999.0,8.2,-999,6.0,87.0,7.5,4.6,3.8,eor,41.6,13.3,5.5,10.0
400,2024-11-18,-999,-999.0,-999.0,10,0.0,0,-999.0,0,-999.0,6.4,-999,4.6,76.0,5.9,2.4,0.0,eor,51.8,6.6,7.0,4.0
400,2024-11-19,-999,-999.0,-999.0,10,23.6,4,-999.0,0,-999.0,6.9,-999,2.6,93.0,8.0,0.5,-1.5,eor,25.5,7.5,15.1,4.6
400,2024-11-20,-999,-999.0,-999.0,10,3.1,4,-999.0,0,-999.0,6.2,-999,1.9,89.0,2.8,0.4,0.0,eor,50.1,7.6,6.9,5.6
400,2024-11-21,-999,-999.0,-999.0,10,0.0,0,-999.0,0,-999.0,5.4,-999,1.0,82.0,3.0,-0.6,-3.2,eor,41.0,6.8,10.9,4.9
400,2024-11-22,-999,-999.0,-999.0,10,0.1,4,-999.0,0,-999.0,5.6,-999,1.7,81.0,3.1,-0.1,-1.3,eor,35.3,9.3,12.9,7.0
400,2024-11-23,-999,-999.0,-999.0,10,10.2,4,-999.0,0,-999.0,5.7,-999,2.0,80.0,4.9,-0.9,-2.1,eor,40.5,9.1,9.8,7.0
400,2024-11-24,-999,-999.0,-999.0,10,1.3,4,-999.0,0,-999.0,8.9,-999,7.8,83.0,11.9,2.7,2.0,eor,42.0,7.5,8.8,5.5
400,2024-11-25,-999,-999.0,-999.0,10,1.5,4,-999.0,0,-999.0,9.0,-999,11.6,66.0,13.9,9.1,5.5,eor,32.3,10.9,15.5,6.2
400,2024-11-26,-999,-999.0,-999.0,10,0.0,0,-999.0,0,-999.0,9.5,-999,8.8,84.0,11.0,5.8,1.2,eor,26.3,13.6,18.8,8.0
400,2024-11-27,-999,-999.0,-999.0,10,9.1,4,-999.0,0,-999.0,8.5,-999,6.6,87.0,9.3,2.8,-0.7,eor,24.1,12.0,16.3,8.0
400,2024-11-28,-999,-999.0,-999.0,10,15.4,4,-999.0,0,-999.0,8.6,-999,6.1,91.0,8.6,4.8,4.4,eor,48.9,8.9,6.0,6.1
400,2024-11-29,-999,-999.0,-999.0,10,0.0,0,-999.0,0,-999.0,7.1,-999,4.1,86.0,5.8,0.7,-1.8,eor,32.0,4.9,7.7,3.2
400,2024-11-30,-999,-999.0,-999.0,10,0.0,0,-999.0,0,-999.0,6.1,-999,2.4,84.0,5.4,-1.2,-4.1,eor,25.6,7.7,11.8,5.3
400,2024-12-01,-999,-999.0,-999.0,10,0.0,0,-999.0,0,-999.0,5.5,-999,0.1,90.0,5.0,-2.7,-5.5,eor,15.0,15.0,14.0,12.5
400,2024-12-02,-999,-999.0,-999.0,10,0.0,0,-999.0,0,-999.0,6.6,-999,3.0,86.0,6.4,-2.0,-5.0,eor,8.9,16.4,23.4,13.9
400,2024-12-03,-999,-999.0,-999.0,10,4.9,4,-999.0,0,-999.0,8.3,-999,5.8,90.0,8.1,4.2,1.6,eor,16.0,14.0,19.1,11.0
400,2024-12-04,-999,-999.0,-999.0,10,2.6,4,-999.0,0,-999.0,7.7,-999,4.1,94.0,4.6,3.6,3.2,eor,28.0,10.7,12.0,7.8
400,2024-12-05,-999,-999.0,-999.0,10,3.4,4,-999.0,0,-999.0,6.8,-999,3.5,86.0,5.0,2.2,-0.6,eor,31.5,10.6,12.2,7.8
400,2024-12-06,-999,-999.0,-999.0,10,5.0,4,-999.0,0,-999.0,7.7,-999,4.2,93.0,6.3,2.3,0.7,eor,26.0,11.6,18.5,8.9
400,2024-12-07,-999,-999.0,-999.0,10,4.2,4,-999.0,0,-999.0,8.2,-999,5.2,92.0,6.4,4.2,3.8,eor,33.5,11.6,8.0,8.5
400,2024-12-08,-999,-999.0,-999.0,10,3.6,4,-999.0,0,-999.0,7.6,-999,4.1,92.0,4.7,2.7,2.2,eor,28.8,12.7,6.0,9.9
400,2024-12-09,-999,-999.0,-999.0,10,0.4,4,-999.0,0,-999.0,7.2,-999,3.4,93.0,4.7,0.7,0.1,eor,16.4,15.2,4.8,12.4
400,2024-12-10,-999,-999.0,-999.0,10,0.0,0,-999.0,0,-999.0,6.7,-999,3.0,88.0,4.4,2.2,2.1,eor,28.1,10.2,3.8,7.8
400,2024-12-11,-999,-999.0,-999.0,10,0.0,0,-999.0,0,-999.0,6.2,-999,2.0,88.0,3.3,1.1,1.1,eor,38.1,12.9,4.5,10.2
400,2024-12-12,-999,-999.0,-999.0,10,0.0,0,-999.0,0,-999.0,5.8,-999,1.4,85.0,2.0,0.2,-0.8,eor,34.2,13.9,7.4,10.7
400,2024-12-13,-999,-999.0,-999.0,10,0.0,0,-999.0,0,-999.0,5.6,-999,1.3,84.0,3.1,0.3,-0.1,eor,31.2,14.2,8.2,11.2
400,2024-12-14,-999,-999.0,-999.0,10,1.0,4,-999.0,0,-999.0,5.7,-999,0.3,90.0,3.6,-1.9,-3.2,eor,18.2,16.4,14.3,13.9
400,2024-12-15,-999,-999.0,-999.0,10,2.1,4,-999.0,0,-999.0,8.4,-999,5.5,92.0,9.0,3.6,3.2,eor,43.9,14.0,6.4,11.8
400,2024-12-16,-999,-999.0,-999.0,10,0.1,4,-999.0,0,-999.0,10.6,-999,9.9,87.0,11.2,8.9,8.2,eor,48.5,6.8,5.0,4.8
400,2024-12-17,-999,-999.0,-999.0,10,0.0,0,-999.0,0,-999.0,9.3,-999,9.0,81.0,9.6,7.9,6.6,eor,51.0,6.2,6.8,4.0
400,2024-12-18,-999,-999.0,-999.0,10,0.1,4,-999.0,0,-999.0,8.7,-999,8.9,76.0,12.0,5.7,3.0,eor,38.9,9.9,13.0,6.9
400,2024-12-19,-999,-999.0,-999.0,10,1.2,4,-999.0,0,-999.0,10.1,-999,10.4,80.0,12.8,5.4,4.4,eor,53.3,7.1,7.8,4.5
400,2024-12-20,-999,-999.0,-999.0,10,0.0,0,-999.0,0,-999.0,6.8,-999,5.2,77.0,6.2,2.9,1.3,eor,61.5,6.6,4.6,3.9
400,2024-12-21,-999,-999.0,-999.0,10,4.0,4,-999.0,0,-999.0,7.0,-999,4.6,82.0,6.4,2.4,0.2,eor,41.3,8.8,10.1,5.9
400,2024-12-22,-999,-999.0,-999.0,10,1.9,4,-999.0,0,-999.0,7.9,-999,5.4,88.0,7.0,3.2,1.3,eor,46.2,5.6,8.2,3.7
400,2024-12-23,-999,-999.0,-999.0,10,2.1,4,-999.0,0,-999.0,7.1,-999,3.8,88.0,5.1,2.2,1.9,eor,52.1,7.0,6.7,4.5
400,2024-12-24,-999,-999.0,-999.0,10,0.1,4,-999.0,0,-999.0,6.8,-999,3.1,89.0,4.5,0.3,-2.2,eor,35.9,7.7,8.8,5.0
400,2024-12-25,-999,-999.0,-999.0,10,0.3,4,-999.0,0,-999.0,7.1,-999,2.9,93.0,5.6,-0.5,-2.6,eor,12.7,13.3,19.6,9.8
400,2024-12-26,-999,-999.0,-999.0,10,0.4,4,-999.0,0,-999.0,9.0,-999,5.6,99.0,6.5,3.9,4.0,eor,9.0,17.0,16.5,12.6
400,2024-12-27,-999,-999.0,-999.0,10,0.0,0,-999.0,0,-999.0,7.2,-999,2.4,100.0,4.0,0.7,1.0,eor,6.8,11.2,24.1,8.0
400,2024-12-28,-999,-999.0,-999.0,10,0.0,0,-999.0,0,-999.0,5.9,-999,-0.4,99.0,0.9,-2.1,-1.8,eor,2.1,14.1,25.9,10.9
400,2024-12-29,-999,-999.0,-999.0,10,0.0,0,-999.0,0,-999.0,5.6,-999,-1.0,97.0,2.3,-3.2,-4.5,eor,5.5,24.3,22.4,19.2
400,2024-12-30,-999,-999.0,-999.0,10,0.0,0,-999.0,0,-999.0,6.9,-999,2.9,91.0,4.0,1.3,1.2,eor,27.4,14.9,11.0,12.8
400,2024-12-31,-999,-999.0,-999.0,10,0.0,0,-999.0,0,-999.0,6.1,-999,2.0,86.0,3.3,1.3,-0.4,eor,25.5,11.4,11.8,9.5
400,2025-01-01,-999,-999.0,-999.0,10,1.2,4,-999.0,0,-999.0,6.5,-999,5.4,72.0,8.2,1.9,1.1,eor,47.2,18.7,6.7,15.8
400,2025-01-02,-999,-999.0,-999.0,10,0.0,0,-999.0,0,-999.0,6.6,-999,4.1,81.0,8.0,1.8,-0.4,eor,58.2,7.9,5.6,5.2
400,2025-01-03,-999,-999.0,-999.0,10,0.3,4,-999.0,0,-999.0,5.3,-999,1.1,80.0,3.2,-1.4,-2.8,eor,64.3,6.5,3.8,4.0
400,2025-01-04,-999,-999.0,-999.0,10,0.0,0,-999.0,0,-999.0,5.0,-999,-0.2,83.0,0.6,-1.1,-2.8,eor,53.9,6.1,8.1,4.2
400,2025-01-05,-999,-999.0,-999.0,10,12.5,4,-999.0,0,-999.0,5.0,-999,-0.9,88.0,0.7,-2.6,-3.7,eor,36.8,14.1,12.2,11.5
400,2025-01-06,-999,-999.0,-999.0,10,1.8,4,-999.0,2,-999.0,8.5,-999,7.1,84.0,11.4,0.4,0.0,eor,38.4,11.8,15.4,9.5
400,2025-01-07,-999,-999.0,-999.0,10,3.8,4,-999.0,0,-999.0,6.5,-999,5.4,73.0,8.8,0.4,-0.7,eor,56.6,6.2,7.8,4.0
400,2025-01-08,-999,-999.0,-999.0,10,1.6,4,-999.0,0,-999.0,5.7,-999,1.8,82.0,4.0,-1.3,-3.9,eor,42.5,5.4,14.6,3.4
400,2025-01-09,-999,-999.0,-999.0,10,13.0,4,-999.0,1,-999.0,6.0,-999,0.3,96.0,0.9,-0.4,-1.5,eor,33.5,8.9,9.5,6.5
400,2025-01-10,-999,-999.0,-999.0,10,2.9,4,-999.0,7,-999.0,6.2,-999,0.9,94.0,1.2,0.3,0.0,eor,45.5,8.0,9.4,6.1
400,2025-01-11,-999,-999.0,-999.0,10,1.1,4,-999.0,6,-999.0,5.2,-999,0.4,82.0,1.5,-0.5,-1.0,eor,51.3,8.0,3.8,6.1
400,2025-01-12,-999,-999.0,-999.0,10,0.0,0,-999.0,5,-999.0,4.7,-999,0.6,74.0,2.0,-1.2,-1.8,eor,65.8,5.6,2.3,3.6
400,2025-01-13,-999,-999.0,-999.0,10,0.0,0,-999.0,5,-999.0,4.3,-999,-1.9,81.0,0.8,-6.0,-9.6,eor,40.9,6.0,17.8,4.2
400,2025-01-14,-999,-999.0,-999.0,10,1.0,4,-999.0,5,-999.0,4.7,-999,-0.2,78.0,2.6,-3.8,-8.2,eor,36.0,13.9,18.9,11.0
400,2025-01-15,-999,-999.0,-999.0,10,0.0,0,-999.0,3,-999.0,7.7,-999,3.7,96.0,5.2,1.9,1.5,eor,29.5,14.3,12.3,11.0
400,2025-01-16,-999,-999.0,-999.0,10,0.0,0,-999.0,0,-999.0,7.0,-999,2.6,94.0,3.2,1.4,1.5,eor,41.4,9.8,8.7,7.5
400,2025-01-17,-999,-999.0,-999.0,10,0.0,0,-999.0,0,-999.0,6.1,-999,0.5,96.0,1.7,-1.6,-1.3,eor,15.0,15.5,22.5,12.5
400,2025-01-18,-999,-999.0,-999.0,10,0.0,0,-999.0,0,-999.0,5.1,-999,-2.1,98.0,-0.8,-3.1,-3.0,eor,9.2,17.1,23.9,12.9
400,2025-01-19,-999,-999.0,-999.0,10,0.0,0,-999.0,0,-999.0,5.4,-999,-0.2,89.0,5.2,-4.4,-6.0,eor,11.5,14.2,16.1,11.5
400,2025-01-20,-999,-999.0,-999.0,10,0.0,0,-999.0,0,-999.0,5.8,-999,1.6,85.0,6.2,-1.2,-3.8,eor,10.7,25.8,23.1,23.2
400,2025-01-21,-999,-999.0,-999.0,10,0.0,0,-999.0,0,-999.0,5.1,-999,-1.5,94.0,-0.7,-2.4,-2.2,eor,4.8,25.4,35.1,21.4
400,2025-01-22,-999,-999.0,-999.0,10,0.0,0,-999.0,0,-999.0,5.3,-999,-0.8,92.0,1.6,-3.1,-2.8,eor,9.3,27.0,26.0,22.5
400,2025-01-23,-999,-999.0,-999.0,10,5.2,4,-999.0,0,-999.0,6.3,-999,2.1,87.0,4.6,-0.8,-2.2,eor,28.7,19.8,13.3,16.7
400,2025-01-24,-999,-999.0,-999.0,10,1.8,4,-999.0,0,-999.0,7.4,-999,5.3,82.0,7.6,2.1,-0.5,eor,42.8,11.2,11.4,9.0
400,2025-01-25,-999,-999.0,-999.0,10,2.8,4,-999.0,0,-999.0,9.0,-999,9.3,78.0,13.6,6.4,5.0,eor,42.3,8.2,11.7,5.9
400,2025-01-26,-999,-999.0,-999.0,10,1.6,4,-999.0,0,-999.0,8.6,-999,6.3,90.0,9.5,3.0,0.9,eor,39.8,7.2,6.5,4.6
400,2025-01-27,-999,-999.0,-999.0,10,3.0,4,-999.0,0,-999.0,8.7,-999,7.3,84.0,11.3,3.1,1.3,eor,43.7,7.0,12.3,4.9
400,2025-01-28,-999,-999.0,-999.0,10,2.4,4,-999.0,0,-999.0,8.8,-999,6.5,91.0,8.4,4.1,0.6,eor,28.2,7.0,25.4,4.8
400,2025-01-29,-999,-999.0,-999.0,10,1.3,4,-999.0,0,-999.0,8.0,-999,6.4,83.0,9.0,3.1,-0.5,eor,40.1,10.2,12.8,7.5
400,2025-01-30,-999,-999.0,-999.0,10,2.0,4,-999.0,0,-999.0,7.6,-999,6.1,81.0,8.3,2.8,-0.3,eor,30.1,6.7,22.5,4.2
400,2025-01-31,-999,-999.0,-999.0,10,0.0,4,-999.0,0,-999.0,6.7,-999,4.2,82.0,6.1,2.6,0.8,eor,60.8,8.7,4.8,5.3
400,2025-02-01,-999,-999.0,-999.0,10,0.1,4,-999.0,0,-999.0,6.4,-999,2.4,87.0,4.9,-1.1,-3.5,eor,36.0,10.0,11.6,6.8
400,2025-02-02,-999,-999.0,-999.0,10,0.0,0,-999.0,0,-999.0,6.0,-999,1.8,87.0,4.3,-0.6,-3.2,eor,29.4,14.5,10.5,11.2
400,2025-02-03,-999,-999.0,-999.0,10,0.0,0,-999.0,0,-999.0,5.3,-999,-0.3,89.0,5.1,-3.5,-6.1,eor,15.5,14.9,17.5,11.6
400,2025-02-04,-999,-999.0,-999.0,10,0.0,0,-999.0,0,-999.0,4.9,-999,-1.0,87.0,5.4,-4.6,-7.1,eor,9.0,23.0,29.1,18.1
400,2025-02-05,-999,-999.0,-999.0,10,0.0,0,-999.0,0,-999.0,5.9,-999,0.4,92.0,3.4,-4.6,-7.2,eor,12.7,30.7,21.3,25.3
400,2025-02-06,-999,-999.0,-999.0,10,0.0,0,-999.0,0,-999.0,7.1,-999,3.5,91.0,5.3,2.5,2.0,eor,38.0,17.0,5.0,14.3
400,2025-02-07,-999,-999.0,-999.0,10,0.0,0,-999.0,0,-999.0,5.8,-999,2.2,81.0,3.6,0.4,-1.1,eor,51.0,11.7,3.1,9.0
400,2025-02-08,-999,-999.0,-999.0,10,0.0,0,-999.0,0,-999.0,5.0,-999,1.4,74.0,4.3,-0.9,-2.2,eor,33.2,19.6,6.2,16.5
400,2025-02-09,-999,-999.0,-999.0,10,0.0,0,-999.0,0,-999.0,4.8,-999,-0.4,82.0,4.1,-3.1,-5.2,eor,22.2,30.0,9.8,25.9
400,2025-02-10,-999,-999.0,-999.0,10,0.0,0,-999.0,0,-999.0,4.7,-999,0.3,76.0,3.2,-1.6,-3.1,eor,22.3,36.7,8.0,32.2
400,2025-02-11,-999,-999.0,-999.0,10,0.0,0,-999.0,0,-999.0,3.7,-999,-0.9,65.0,3.5,-3.8,-4.9,eor,42.2,33.5,8.0,28.5
400,2025-02-12,-999,-999.0,-999.0,10,0.6,4,-999.0,0,-999.0,3.7,-999,-3.3,78.0,-0.7,-6.2,-7.1,eor,24.5,36.7,11.2,31.3
400,2025-02-13,-999,-999.0,-999.0,10,7.2,4,-999.0,1,-999.0,4.9,-999,-1.7,91.0,-0.6,-2.7,-2.8,eor,17.6,46.1,12.7,39.8
400,2025-02-14,-999,-999.0,-999.0,10,0.0,4,-999.0,15,-999.0,5.3,-999,-0.2,89.0,2.5,-1.8,-7.7,eor,47.0,32.3,6.4,28.6
400,2025-02-15,-999,-999.0,-999.0,10,0.0,4,-999.0,8,-999.0,4.4,-999,-1.2,78.0,1.6,-3.0,-7.6,eor,46.1,8.7,11.8,6.8
400,2025-02-16,-999,-999.0,-999.0,10,0.0,0,-999.0,8,-999.0,3.9,-999,-2.4,77.0,0.8,-8.1,-16.0,eor,52.1,11.8,9.6,9.6
400,2025-02-17,-999,-999.0,-999.0,10,0.0,0,-999.0,7,-999.0,2.9,-999,-6.2,77.0,1.6,-11.3,-17.8,eor,45.1,7.6,12.2,5.8
400,2025-02-18,-999,-999.0,-999.0,10,0.0,0,-999.0,7,-999.0,2.7,-999,-6.2,73.0,1.5,-12.5,-18.2,eor,32.8,10.2,27.6,8.1
400,2025-02-19,-999,-999.0,-999.0,10,0.0,0,-999.0,7,-999.0,3.0,-999,-4.2,70.0,2.2,-11.0,-16.5,eor,35.0,17.5,26.6,13.5
400,2025-02-20,-999,-999.0,-999.0,10,0.0,0,-999.0,6,-999.0,3.5,-999,-1.5,64.0,2.9,-6.9,-13.0,eor,65.4,21.5,16.2,17.0
400,2025-02-21,-999,-999.0,-999.0,10,0.0,0,-999.0,6,-999.0,6.0,-999,3.2,78.0,6.9,-0.2,-4.2,eor,46.3,28.6,17.4,23.2
400,2025-02-22,-999,-999.0,-999.0,10,0.0,0,-999.0,2,-999.0,5.4,-999,4.9,64.0,10.9,0.3,-2.1,eor,66.0,28.8,8.9,23.8
400,2025-02-23,-999,-999.0,-999.0,10,0.0,0,-999.0,0,-999.0,7.7,-999,5.8,82.0,11.6,0.2,-2.9,eor,42.0,25.6,14.5,21.2
400,2025-02-24,-999,-999.0,-999.0,10,2.2,4,-999.0,0,-999.0,7.6,-999,7.5,76.0,15.3,-0.2,-3.2,eor,34.5,18.8,16.3,15.0
400,2025-02-25,-999,-999.0,-999.0,10,1.1,4,-999.0,0,-999.0,10.0,-999,8.6,90.0,12.5,4.9,1.3,eor,32.5,14.0,16.1,10.4
400,2025-02-26,-999,-999.0,-999.0,10,2.8,4,-999.0,0,-999.0,9.3,-999,6.4,97.0,8.1,5.2,3.4,eor,13.5,20.8,11.8,17.1
400,2025-02-27,-999,-999.0,-999.0,10,1.4,4,-999.0,0,-999.0,8.3,-999,6.8,85.0,11.3,4.7,3.8,eor,34.4,21.3,14.1,17.1
400,2025-02-28,-999,-999.0,-999.0,10,5.3,4,-999.0,0,-999.0,7.5,-999,3.4,96.0,4.9,1.4,1.5,eor,31.6,14.5,10.3,11.0
400,2025-03-01,-999,-999.0,-999.0,10,0.0,0,-999.0,0,-999.0,6.6,-999,3.0,87.0,7.4,-0.9,-3.7,eor,51.3,9.6,5.2,7.3
400,2025-03-02,-999,-999.0,-999.0,10,0.0,0,-999.0,0,-999.0,6.6,-999,4.1,81.0,8.0,0.5,0.2,eor,61.4,11.2,3.7,8.8
400,2025-03-03,-999,-999.0,-999.0,10,0.0,0,-999.0,0,-999.0,6.1,-999,6.2,65.0,10.1,0.9,-2.9,eor,59.3,9.6,14.1,7.2
400,2025-03-04,-999,-999.0,-999.0,10,0.0,0,-999.0,0,-999.0,5.1,-999,5.2,61.0,11.8,-0.9,-4.0,eor,43.5,15.3,21.9,11.2
400,2025-03-05,-999,-999.0,-999.0,10,0.0,0,-999.0,0,-999.0,5.0,-999,7.0,56.0,16.2,-1.4,-5.3,eor,44.8,22.3,28.4,16.4
400,2025-03-06,-999,-999.0,-999.0,10,0.0,0,-999.0,0,-999.0,5.5,-999,7.4,58.0,17.1,-0.7,-4.5,eor,37.5,21.1,29.6,14.2
400,2025-03-07,-999,-999.0,-999.0,10,0.0,0,-999.0,0,-999.0,6.4,-999,8.6,62.0,19.1,0.7,-3.4,eor,44.8,26.4,25.8,17.7
400,2025-03-08,-999,-999.0,-999.0,10,0.0,0,-999.0,0,-999.0,6.3,-999,8.9,59.0,17.3,-0.4,-3.6,eor,56.9,31.5,16.6,23.9
400,2025-03-09,-999,-999.0,-999.0,10,0.0,0,-999.0,0,-999.0,7.0,-999,8.0,67.0,16.0,1.8,-1.6,eor,70.0,30.8,8.4,24.2
400,2025-03-10,-999,-999.0,-999.0,10,0.0,0,-999.0,0,-999.0,6.6,-999,7.4,69.0,16.5,-0.9,-3.3,eor,54.4,45.8,17.9,36.6
400,2025-03-11,-999,-999.0,-999.0,10,0.0,0,-999.0,0,-999.0,7.2,-999,3.2,94.0,6.9,1.3,-1.4,eor,35.8,42.2,16.9,31.4
400,2025-03-12,-999,-999.0,-999.0,10,0.0,0,-999.0,0,-999.0,6.9,-999,5.5,77.0,8.0,3.3,3.1,eor,45.7,38.9,9.4,32.1
400,2025-03-13,-999,-999.0,-999.0,10,0.0,0,-999.0,0,-999.0,6.0,-999,4.3,75.0,8.5,-0.9,-3.6,eor,43.7,14.8,12.4,11.2
400,2025-03-14,-999,-999.0,-999.0,10,0.0,0,-999.0,0,-999.0,6.2,-999,4.4,74.0,8.2,1.0,-0.9,eor,41.9,16.1,13.2,10.7
400,2025-03-15,-999,-999.0,-999.0,10,0.2,4,-999.0,0,-999.0,6.6,-999,3.7,84.0,9.1,-0.7,-4.0,eor,46.2,16.0,6.0,13.1
400,2025-03-16,-999,-999.0,-999.0,10,0.1,4,-999.0,0,-999.0,5.6,-999,4.0,73.0,9.4,-2.5,-5.3,eor,50.6,19.8,5.1,17.0
400,2025-03-17,-999,-999.0,-999.0,10,0.0,0,-999.0,0,-999.0,3.9,-999,2.0,58.0,7.1,-4.6,-8.1,eor,68.4,7.5,5.6,5.5
400,2025-03-18,-999,-999.0,-999.0,10,0.0,0,-999.0,0,-999.0,3.3,-999,1.1,55.0,9.2,-6.3,-9.2,eor,48.3,7.5,14.1,4.5
400,2025-03-19,-999,-999.0,-999.0,10,0.0,0,-999.0,0,-999.0,3.8,-999,3.9,51.0,13.8,-5.0,-8.9,eor,39.0,16.5,23.9,10.8
400,2025-03-20,-999,-999.0,-999.0,10,0.0,0,-999.0,0,-999.0,5.0,-999,7.0,54.0,17.6,-1.9,-6.7,eor,43.5,23.3,27.0,15.2
400,2025-03-21,-999,-999.0,-999.0,10,0.0,0,-999.0,0,-999.0,5.6,-999,10.0,51.0,18.1,-0.2,-3.5,eor,57.9,24.2,17.7,15.6
400,2025-03-22,-999,-999.0,-999.0,10,0.0,0,-999.0,0,-999.0,5.9,-999,9.7,50.0,15.5,5.0,1.3,eor,84.3,22.8,4.9,15.7
400,2025-03-23,-999,-999.0,-999.0,10,0.0,0,-999.0,0,-999.0,7.3,-999,10.0,59.0,13.6,6.2,3.9,eor,81.3,25.2,6.3,17.9
400,2025-03-24,-999,-999.0,-999.0,10,1.2,4,-999.0,0,-999.0,9.3,-999,10.0,77.0,16.0,5.0,1.7,eor,55.7,25.6,8.5,18.6
400,2025-03-25,-999,-999.0,-999.0,10,0.2,4,-999.0,0,-999.0,8.6,-999,8.0,82.0,15.0,3.7,0.2,eor,44.8,26.3,7.8,20.6
400,2025-03-26,-999,-999.0,-999.0,10,0.6,4,-999.0,0,-999.0,8.6,-999,7.1,85.0,10.7,1.4,-2.0,eor,47.4,26.6,9.5,21.5
400,2025-03-27,-999,-999.0,-999.0,10,0.0,0,-999.0,0,-999.0,7.7,-999,4.0,95.0,7.4,0.5,-3.1,eor,30.0,11.4,10.5,8.5
400,2025-03-28,-999,-999.0,-999.0,10,0.0,0,-999.0,0,-999.0,7.5,-999,7.4,76.0,16.5,0.6,-3.1,eor,41.8,18.7,8.9,14.3
400,2025-03-29,-999,-999.0,-999.0,10,0.0,0,-999.0,0,-999.0,7.9,-999,8.0,75.0,14.6,1.5,-2.6,eor,47.7,21.7,7.2,16.5
400,2025-03-30,-999,-999.0,-999.0,10,8.0,4,-999.0,0,-999.0,7.7,-999,5.5,85.0,9.9,-0.3,-4.1,eor,52.0,14.3,8.8,10.7
400,2025-03-31,-999,-999.0,-999.0,10,0.0,0,-999.0,0,-999.0,8.4,-999,7.1,84.0,10.1,5.4,4.5,eor,58.3,8.3,2.5,6.0
400,2025-04-01,-999,-999.0,-999.0,3,0.0,0,-999.0,0,-999.0,7.6,-999,8.8,69.0,14.6,3.9,2.3,eor,54.6,9.2,5.0,6.8
400,2025-04-02,-999,-999.0,-999.0,3,0.0,0,-999.0,0,-999.0,7.4,-999,8.8,69.0,17.1,2.6,1.0,eor,60.5,10.2,4.9,7.7
400,2025-04-03,-999,-999.0,-999.0,3,0.0,0,-999.0,0,-999.0,8.0,-999,11.0,62.0,19.5,2.5,-0.7,eor,58.5,10.8,8.2,7.2
400,2025-04-04,-999,-999.0,-999.0,3,0.0,0,-999.0,0,-999.0,9.1,-999,13.4,63.0,21.6,3.4,0.7,eor,55.3,8.8,8.0,4.5
400,2025-04-05,-999,-999.0,-999.0,3,0.0,0,-999.0,0,-999.0,5.4,-999,6.2,58.0,11.6,0.0,-3.3,eor,72.7,9.3,4.2,5.0
400,2025-04-06,-999,-999.0,-999.0,3,0.0,0,-999.0,0,-999.0,4.1,-999,4.1,52.0,8.9,-1.4,-5.0,eor,76.3,5.2,2.8,2.7
400,2025-04-07,-999,-999.0,-999.0,3,0.0,0,-999.0,0,-999.0,5.4,-999,7.8,52.0,13.2,1.6,-2.1,eor,72.7,4.8,5.4,2.8
400,2025-04-08,-999,-999.0,-999.0,3,0.0,0,-999.0,0,-999.0,6.0,-999,8.2,58.0,14.6,1.3,-2.1,eor,62.3,6.7,6.1,3.6
400,2025-04-09,-999,-999.0,-999.0,3,0.0,0,-999.0,0,-999.0,6.9,-999,8.8,62.0,14.4,3.2,0.2,eor,57.6,11.0,10.5,5.1
400,2025-04-10,-999,-999.0,-999.0,3,0.0,0,-999.0,0,-999.0,7.8,-999,9.0,69.0,13.9,3.3,0.4,eor,70.6,15.1,4.4,8.9
400,2025-04-11,-999,-999.0,-999.0,3,0.0,0,-999.0,0,-999.0,8.7,-999,9.2,75.0,14.9,5.2,1.6,eor,76.7,17.8,5.7,11.2
400,2025-04-12,-999,-999.0,-999.0,3,0.0,0,-999.0,0,-999.0,9.6,-999,11.3,74.0,18.1,6.0,3.1,eor,53.3,18.5,7.2,12.0
400,2025-04-13,-999,-999.0,-999.0,3,0.0,4,-999.0,0,-999.0,10.7,-999,15.1,64.0,22.7,7.0,2.8,eor,64.0,19.3,7.5,12.8
400,2025-04-14,-999,-999.0,-999.0,3,0.0,0,-999.0,0,-999.0,11.0,-999,15.0,67.0,21.1,8.1,3.9,eor,67.5,14.1,7.1,8.1
400,2025-04-15,-999,-999.0,-999.0,3,0.0,0,-999.0,0,-999.0,12.6,-999,17.0,66.0,23.3,11.6,9.5,eor,74.8,17.2,4.9,10.2
400,2025-04-16,-999,-999.0,-999.0,3,0.0,0,-999.0,0,-999.0,13.4,-999,18.6,65.0,25.8,10.4,7.0,eor,62.0,14.5,7.2,8.4
400,2025-04-17,-999,-999.0,-999.0,3,0.0,0,-999.0,0,-999.0,13.8,-999,19.4,63.0,27.2,13.3,10.1,eor,66.7,19.9,9.2,9.5
400,2025-04-18,-999,-999.0,-999.0,3,9.7,4,-999.0,0,-999.0,12.5,-999,11.8,90.0,14.0,8.5,8.4,eor,38.0,27.5,6.2,16.0
400,2025-04-19,-999,-999.0,-999.0,3,1.0,4,-999.0,0,-999.0,10.3,-999,8.6,92.0,10.1,5.8,3.2,eor,39.3,11.0,6.1,8.5
400,2025-04-20,-999,-999.0,-999.0,3,0.9,4,-999.0,0,-999.0,9.6,-999,12.0,73.0,19.9,4.2,1.5,eor,55.3,12.3,6.4,9.4
400,2025-04-21,-999,-999.0,-999.0,3,0.0,0,-999.0,0,-999.0,12.5,-999,14.0,80.0,18.5,8.5,5.4,eor,46.6,21.0,10.0,16.9
400,2025-04-22,-999,-999.0,-999.0,3,1.3,4,-999.0,0,-999.0,11.6,-999,12.9,80.0,19.1,7.2,4.3,eor,48.9,12.3,7.9,8.8
400,2025-04-23,-999,-999.0,-999.0,3,1.9,4,-999.0,0,-999.0,11.9,-999,12.5,83.0,18.6,6.3,3.7,eor,37.9,11.5,5.2,7.9
400,2025-04-24,-999,-999.0,-999.0,3,0.0,0,-999.0,0,-999.0,10.0,-999,12.6,70.0,18.4,8.2,6.2,eor,55.9,14.0,4.4,9.7
400,2025-04-25,-999,-999.0,-999.0,3,0.0,0,-999.0,0,-999.0,8.1,-999,11.5,63.0,17.7,6.2,3.8,eor,73.0,10.0,2.6,6.9
400,2025-04-26,-999,-999.0,-999.0,3,0.0,0,-999.0,0,-999.0,6.3,-999,9.5,56.0,15.7,4.3,0.5,eor,67.2,7.6,4.0,4.4
400,2025-04-27,-999,-999.0,-999.0,3,0.0,0,-999.0,0,-999.0,6.0,-999,10.3,51.0,18.1,1.5,-1.9,eor,71.5,8.4,4.5,4.6
400,2025-04-28,-999,-999.0,-999.0,3,0.0,0,-999.0,0,-999.0,6.8,-999,12.5,51.0,21.8,2.9,-0.7,eor,78.4,10.9,7.5,6.0
400,2025-04-29,-999,-999.0,-999.0,3,0.0,0,-999.0,0,-999.0,10.4,-999,14.1,67.0,22.5,4.3,1.3,eor,60.4,12.1,8.8,6.8
400,2025-04-30,-999,-999.0,-999.0,3,0.0,0,-999.0,0,-999.0,11.5,-999,15.3,70.0,23.4,6.7,3.6,eor,53.8,9.3,5.4,5.0
400,2025-05-01,-999,-999.0,-999.0,3,0.0,0,-999.0,-999,-999.0,10.4,-999,16.3,62.0,25.0,6.6,3.2,eor,63.5,9.0,4.5,5.0
400,2025-05-02,-999,-999.0,-999.0,3,2.1,4,-999.0,-999,-999.0,12.6,-999,18.2,65.3,28.3,10.0,5.8,eor,79.7,11.8,6.9,6.5
400,2025-05-03,-999,-999.0,-999.0,3,0.2,4,-999.0,-999,-999.0,11.3,-999,13.6,73.3,17.0,10.8,8.7,eor,51.9,16.8,4.1,10.2
400,2025-05-04,-999,-999.0,-999.0,3,0.1,4,-999.0,-999,-999.0,8.7,-999,10.0,71.2,14.3,4.3,1.0,eor,64.4,9.5,2.8,5.7
400,2025-05-05,-999,-999.0,-999.0,3,0.0,0,-999.0,-999,-999.0,6.2,-999,8.1,61.4,14.5,0.8,-2.3,eor,48.3,6.6,2.8,3.6
400,2025-05-06,-999,-999.0,-999.0,3,0.0,0,-999.0,-999,-999.0,6.7,-999,8.5,63.5,17.2,-1.8,-4.7,eor,55.9,6.3,5.0,3.2
400,2025-05-07,-999,-999.0,-999.0,3,0.0,0,-999.0,-999,-999.0,6.3,-999,10.1,55.9,16.0,2.7,-1.0,eor,56.3,9.8,3.6,6.1
400,2025-05-08,-999,-999.0,-999.0,3,0.0,0,-999.0,-999,-999.0,6.5,-999,10.0,56.1,16.4,1.7,-2.4,eor,61.0,8.1,4.6,4.5
400,2025-05-09,-999,-999.0,-999.0,3,0.0,0,-999.0,-999,-999.0,7.2,-999,11.8,56.2,19.5,2.0,-2.0,eor,60.3,8.0,6.0,4.7
400,2025-05-10,-999,-999.0,-999.0,3,0.0,0,-999.0,-999,-999.0,9.8,-999,12.3,68.6,18.6,5.7,1.9,eor,58.8,8.5,5.0,4.5
400,2025-05-11,-999,-999.0,-999.0,3,0.0,0,-999.0,-999,-999.0,7.8,-999,11.5,60.5,18.9,3.9,0.2,eor,63.1,8.5,3.1,5.3
400,2025-05-12,-999,-999.0,-999.0,3,0.0,0,-999.0,-999,-999.0,6.8,-999,11.3,54.0,19.2,3.0,0.4,eor,78.7,9.5,4.1,5.3
400,2025-05-13,-999,-999.0,-999.0,3,0.0,0,-999.0,-999,-999.0,7.7,-999,13.4,55.5,21.7,3.7,-1.1,eor,72.7,11.5,4.4,6.3
400,2025-05-14,-999,-999.0,-999.0,3,0.0,0,-999.0,-999,-999.0,9.4,-999,15.7,55.8,22.6,7.1,4.2,eor,73.0,12.5,6.5,6.0
400,2025-05-15,-999,-999.0,-999.0,3,0.3,4,-999.0,-999,-999.0,8.0,-999,10.7,63.2,14.7,6.5,2.3,eor,79.6,15.7,2.1,6.2
400,2025-05-16,-999,-999.0,-999.0,1,13.0,4,-999.0,-999,-999.0,9.4,-999,11.3,71.0,16.6,7.0,3.8,eor,54.3,10.5,4.5,5.0
400,2025-05-17,-999,-999.0,-999.0,1,1.8,4,-999.0,-999,-999.0,9.5,-999,10.7,74.7,17.7,6.1,3.5,eor,58.8,9.6,4.2,5.6
400,2025-05-18,-999,-999.0,-999.0,1,2.0,4,-999.0,-999,-999.0,9.7,-999,10.2,79.2,15.8,6.0,4.4,eor,58.4,7.6,2.2,4.0
400,2025-05-19,-999,-999.0,-999.0,1,0.0,0,-999.0,-999,-999.0,11.6,-999,11.7,84.8,14.8,8.2,5.1,eor,56.0,8.4,3.4,4.7
400,2025-05-20,-999,-999.0,-999.0,1,0.0,0,-999.0,-999,-999.0,10.6,-999,15.8,63.5,24.1,6.1,3.2,eor,59.7,13.4,6.5,8.2
400,2025-05-21,-999,-999.0,-999.0,1,0.0,0,-999.0,-999,-999.0,8.9,-999,16.4,49.9,21.6,10.6,8.2,eor,77.4,14.3,7.2,7.7
400,2025-05-22,-999,-999.0,-999.0,1,0.0,0,-999.0,-999,-999.0,7.2,-999,10.4,58.3,16.1,4.4,1.4,eor,76.3,15.8,2.8,7.8
400,2025-05-23,-999,-999.0,-999.0,1,2.2,4,-999.0,-999,-999.0,7.5,-999,8.0,70.0,13.4,4.2,1.5,eor,57.9,10.0,7.6,4.2
400,2025-05-24,-999,-999.0,-999.0,1,0.0,4,-999.0,-999,-999.0,7.6,-999,12.0,57.8,18.3,4.7,1.7,eor,63.0,6.3,5.8,4.1
400,2025-05-25,-999,-999.0,-999.0,1,3.0,4,-999.0,-999,-999.0,12.5,-999,13.4,79.8,16.2,9.2,7.2,eor,50.5,9.0,7.0,5.8
400,2025-05-26,-999,-999.0,-999.0,1,0.0,0,-999.0,-999,-999.0,11.3,-999,15.2,68.6,21.4,10.9,8.2,eor,48.5,12.0,5.4,7.5
400,2025-05-27,-999,-999.0,-999.0,1,1.0,4,-999.0,-999,-999.0,10.6,-999,16.4,59.8,21.8,7.7,5.6,eor,53.9,11.9,9.3,6.7
400,2025-05-28,-999,-999.0,-999.0,1,14.9,4,-999.0,-999,-999.0,14.4,-999,15.4,82.0,19.7,12.5,11.9,eor,51.5,10.0,5.2,5.8
400,2025-05-29,-999,-999.0,-999.0,1,3.4,4,-999.0,-999,-999.0,10.6,-999,15.0,63.8,19.6,10.6,9.4,eor,64.4,7.8,3.5,4.0
400,2025-05-30,-999,-999.0,-999.0,1,0.0,0,-999.0,-999,-999.0,15.7,-999,18.0,77.5,24.6,12.9,12.7,eor,41.4,10.9,7.3,6.0
400,2025-05-31,-999,-999.0,-999.0,1,0.0,0,-999.0,-999,-999.0,15.3,-999,19.3,70.0,25.9,12.7,10.8,eor,41.3,14.3,5.0,8.2
400,2025-06-01,-999,-999.0,-999.0,1,0.0,0,-999.0,-999,-999.0,16.0,-999,20.1,69.2,26.6,14.6,11.9,eor,57.7,11.1,6.2,6.8
400,2025-06-02,-999,-999.0,-999.0,1,0.8,4,-999.0,-999,-999.0,13.2,-999,17.1,68.8,22.5,11.4,9.2,eor,56.7,12.8,6.7,8.2
400,2025-06-03,-999,-999.0,-999.0,1,0.0,0,-999.0,-999,-999.0,11.3,-999,17.9,59.6,25.2,9.7,7.6,eor,68.2,14.4,6.1,9.8
400,2025-06-04,-999,-999.0,-999.0,1,0.2,4,-999.0,-999,-999.0,15.2,-999,19.5,68.5,25.7,12.6,9.8,eor,52.4,14.9,11.9,10.1
400,2025-06-05,-999,-999.0,-999.0,1,1.4,4,-999.0,-999,-999.0,14.8,-999,18.0,71.6,21.3,12.7,9.4,eor,47.0,12.0,7.5,7.7
400,2025-06-06,-999,-999.0,-999.0,1,0.2,4,-999.0,-999,-999.0,12.5,-999,17.6,63.4,22.1,12.1,9.3,eor,61.0,9.8,7.2,5.8
400,2025-06-07,-999,-999.0,-999.0,1,12.3,4,-999.0,-999,-999.0,13.9,-999,16.3,76.5,23.7,11.3,8.0,eor,52.4,9.2,7.0,5.0
400,2025-06-08,-999,-999.0,-999.0,1,3.7,4,-999.0,-999,-999.0,12.8,-999,14.2,79.4,19.2,11.0,8.8,eor,40.6,8.7,4.3,5.2
400,2025-06-09,-999,-999.0,-999.0,1,0.0,4,-999.0,-999,-999.0,10.4,-999,13.4,69.6,18.8,8.6,6.8,eor,61.1,8.5,2.9,4.5
400,2025-06-10,-999,-999.0,-999.0,1,1.6,4,-999.0,-999,-999.0,12.4,-999,14.2,77.5,18.8,8.7,6.7,eor,38.8,11.8,10.6,8.0
400,2025-06-11,-999,-999.0,-999.0,1,0.0,0,-999.0,-999,-999.0,11.1,-999,15.4,65.6,20.9,8.7,6.5,eor,71.5,14.5,3.8,10.2
400,2025-06-12,-999,-999.0,-999.0,1,0.0,0,-999.0,-999,-999.0,9.6,-999,16.4,56.0,23.6,6.8,4.7,eor,56.0,13.3,6.0,9.2
400,2025-06-13,-999,-999.0,-999.0,1,0.0,0,-999.0,-999,-999.0,9.5,-999,18.0,48.2,25.0,11.1,7.8,eor,61.0,10.0,5.3,6.1
400,2025-06-14,-999,-999.0,-999.0,1,0.0,0,-999.0,-999,-999.0,12.6,-999,21.6,51.6,29.1,13.1,9.7,eor,72.2,9.9,7.7,5.9
400,2025-06-15,-999,-999.0,-999.0,1,0.1,4,-999.0,-999,-999.0,15.1,-999,22.3,59.1,31.7,15.3,12.6,eor,88.3,12.4,6.5,8.0
400,2025-06-16,-999,-999.0,-999.0,1,0.0,0,-999.0,-999,-999.0,13.7,-999,17.9,68.0,22.7,14.0,10.7,eor,69.5,12.2,3.2,7.8
400,2025-06-17,-999,-999.0,-999.0,1,0.0,0,-999.0,-999,-999.0,13.5,-999,18.9,65.0,27.0,12.0,8.6,eor,70.1,9.5,4.4,6.0
400,2025-06-18,-999,-999.0,-999.0,1,0.0,0,-999.0,-999,-999.0,14.7,-999,21.1,61.0,26.7,13.7,11.6,eor,71.5,13.8,8.5,9.6
400,2025-06-19,-999,-999.0,-999.0,1,0.0,0,-999.0,-999,-999.0,11.2,-999,17.6,57.2,22.7,9.5,7.0,eor,74.6,12.5,3.1,7.6
400,2025-06-20,-999,-999.0,-999.0,1,0.0,0,-999.0,-999,-999.0,10.1,-999,16.4,58.4,23.8,8.0,5.6,eor,61.2,9.0,4.1,5.0
400,2025-06-21,-999,-999.0,-999.0,1,0.0,0,-999.0,-999,-999.0,10.7,-999,19.9,52.1,29.0,8.4,6.3,eor,74.3,8.3,4.4,5.0
400,2025-06-22,-999,-999.0,-999.0,1,1.4,4,-999.0,-999,-999.0,11.5,-999,24.7,42.9,33.9,12.6,10.4,eor,80.3,12.4,8.8,8.2
400,2025-06-23,-999,-999.0,-999.0,1,3.0,4,-999.0,-999,-999.0,13.8,-999,20.7,57.5,26.8,14.2,12.1,eor,72.6,14.7,5.2,8.2
400,2025-06-24,-999,-999.0,-999.0,1,0.6,4,-999.0,-999,-999.0,11.7,-999,17.7,57.7,22.3,13.7,11.9,eor,68.5,11.7,5.8,5.5
400,2025-06-25,-999,-999.0,-999.0,1,0.2,4,-999.0,-999,-999.0,16.2,-999,19.9,70.9,25.3,13.2,10.6,eor,57.4,11.3,4.7,6.0
400,2025-06-26,-999,-999.0,-999.0,1,8.8,4,-999.0,-999,-999.0,16.6,-999,21.0,69.8,32.7,11.9,9.0,eor,49.3,8.3,6.7,5.0
400,2025-06-27,-999,-999.0,-999.0,1,0.9,4,-999.0,-999,-999.0,15.4,-999,18.3,73.4,21.9,13.4,10.6,eor,50.9,11.3,5.1,6.6
400,2025-06-28,-999,-999.0,-999.0,1,0.0,0,-999.0,-999,-999.0,16.9,-999,21.5,67.1,28.9,11.8,9.5,eor,55.8,10.3,8.6,6.1
400,2025-06-29,-999,-999.0,-999.0,1,0.0,0,-999.0,-999,-999.0,17.1,-999,23.0,60.5,28.0,15.5,12.6,eor,56.8,10.2,5.8,5.8
400,2025-06-30,-999,-999.0,-999.0,1,0.0,0,-999.0,-999,-999.0,10.7,-999,19.2,52.2,26.8,10.8,8.0,eor,61.5,10.2,4.9,5.7
400,2025-07-01,-999,-999.0,-999.0,1,0.0,0,-999.0,-999,-999.0,11.6,-999,23.2,46.3,32.9,12.2,9.4,eor,74.5,9.3,6.7,5.3
400,2025-07-02,-999,-999.0,-999.0,1,0.1,4,-999.0,-999,-999.0,11.9,-999,27.9,35.9,37.6,16.2,12.5,eor,90.9,11.4,8.0,5.2
400,2025-07-03,-999,-999.0,-999.0,1,0.6,4,-999.0,-999,-999.0,14.3,-999,20.8,59.0,25.2,11.6,8.9,eor,81.6,12.2,4.3,5.9
400,2025-07-04,-999,-999.0,-999.0,1,0.0,0,-999.0,-999,-999.0,10.4,-999,17.2,57.0,24.0,9.5,7.2,eor,58.5,8.7,4.0,4.5
400,2025-07-05,-999,-999.0,-999.0,1,0.0,0,-999.0,-999,-999.0,10.1,-999,20.7,45.0,28.2,10.3,7.2,eor,73.3,8.1,7.5,4.5
400,2025-07-06,-999,-999.0,-999.0,1,0.0,4,-999.0,-999,-999.0,11.5,-999,22.2,44.8,29.7,14.9,12.0,eor,78.5,9.3,6.5,5.0
400,2025-07-07,-999,-999.0,-999.0,1,2.0,4,-999.0,-999,-999.0,15.3,-999,18.9,71.0,23.9,15.8,14.3,eor,67.5,7.4,5.5,3.4
400,2025-07-08,-999,-999.0,-999.0,1,0.9,4,-999.0,-999,-999.0,12.6,-999,16.9,67.0,22.1,13.4,12.7,eor,57.8,6.9,3.6,3.8
400,2025-07-09,-999,-999.0,-999.0,1,2.3,4,-999.0,-999,-999.0,15.0,-999,16.9,78.5,20.7,14.4,13.8,eor,47.2,8.8,4.2,5.0
400,2025-07-10,-999,-999.0,-999.0,1,2.5,4,-999.0,-999,-999.0,15.2,-999,16.9,79.2,21.1,12.2,9.7,eor,41.7,8.6,5.3,5.5
400,2025-07-11,-999,-999.0,-999.0,1,8.5,4,-999.0,-999,-999.0,14.3,-999,16.3,78.7,24.0,10.0,8.0,eor,38.1,8.5,5.3,5.4
400,2025-07-12,-999,-999.0,-999.0,1,35.0,4,-999.0,-999,-999.0,17.3,-999,15.9,95.3,18.0,14.1,13.9,eor,29.4,8.4,4.4,5.0
400,2025-07-13,-999,-999.0,-999.0,1,4.8,4,-999.0,-999,-999.0,18.5,-999,18.0,90.0,22.6,15.8,15.1,eor,25.1,9.1,3.9,5.8
400,2025-07-14,-999,-999.0,-999.0,1,0.0,0,-999.0,-999,-999.0,17.7,-999,20.8,75.0,27.2,14.7,13.2,eor,39.2,11.3,7.7,7.0
400,2025-07-15,-999,-999.0,-999.0,1,4.5,4,-999.0,-999,-999.0,17.3,-999,17.9,84.2,22.3,13.9,11.9,eor,37.4,13.7,9.0,8.5
400,2025-07-16,-999,-999.0,-999.0,1,0.2,4,-999.0,-999,-999.0,14.2,-999,16.0,79.6,23.0,12.2,10.2,eor,36.2,11.0,6.8,6.9
400,2025-07-17,-999,-999.0,-999.0,1,15.6,4,-999.0,-999,-999.0,16.7,-999,15.8,92.6,17.9,11.9,9.8,eor,25.4,9.6,7.8,5.8
400,2025-07-18,-999,-999.0,-999.0,1,0.0,0,-999.0,-999,-999.0,17.8,-999,19.6,79.4,24.7,16.0,15.3,eor,47.6,10.6,4.7,6.9
400,2025-07-19,-999,-999.0,-999.0,1,0.0,0,-999.0,-999,-999.0,17.4,-999,21.8,69.7,28.7,14.2,12.9,eor,42.7,12.8,7.8,7.9
400,2025-07-20,-999,-999.0,-999.0,1,0.8,4,-999.0,-999,-999.0,18.4,-999,24.1,64.1,31.1,15.9,14.1,eor,48.7,15.3,6.6,9.7
400,2025-07-21,-999,-999.0,-999.0,1,42.9,4,-999.0,-999,-999.0,19.8,-999,19.4,88.2,23.6,14.8,14.7,eor,39.8,17.0,7.9,11.1
400,2025-07-22,-999,-999.0,-999.0,1,14.2,4,-999.0,-999,-999.0,17.0,-999,17.0,87.9,22.8,14.5,14.1,eor,46.1,10.9,5.9,7.1
400,2025-07-23,-999,-999.0,-999.0,1,20.2,4,-999.0,-999,-999.0,17.9,-999,17.1,92.0,18.4,16.0,15.5,eor,43.6,10.0,7.1,6.2
400,2025-07-24,-999,-999.0,-999.0,1,6.8,4,-999.0,-999,-999.0,18.5,-999,19.1,84.4,23.4,16.3,15.1,eor,43.5,11.0,7.9,7.0
400,2025-07-25,-999,-999.0,-999.0,1,0.0,0,-999.0,-999,-999.0,20.0,-999,19.7,87.7,24.4,16.1,14.9,eor,31.2,11.6,7.9,7.5
400,2025-07-26,-999,-999.0,-999.0,1,0.0,0,-999.0,-999,-999.0,17.4,-999,18.5,82.0,21.8,14.3,13.1,eor,38.9,12.0,4.6,7.7
400,2025-07-27,-999,-999.0,-999.0,1,0.0,0,-999.0,-999,-999.0,16.4,-999,20.3,71.6,25.9,14.3,13.7,eor,38.7,10.9,4.2,6.8
